target,prediction
1,0.2579366
1,0.08356105
1,0.09047339
1,0.5951542
1,0.38999194
0,0.9660429
0,0.6793745
0,0.73138213
0,0.12834764
0,0.3088433
0,0.14140917
0,0.19268759
0,0.10504344
0,0.11260431
0,0.38105378
0,0.9640336
0,0.2344995
0,0.74787647
0,0.8944579
0,0.9244609
0,0.24152039
0,0.91887367
0,0.94315594
1,0.12567769
1,0.96728444
1,0.044432
1,0.13975121
1,0.90392494
1,0.884611
1,0.64770424
1,0.84169966
1,0.4609881
1,0.919319
0,0.34399244
0,0.34913355
0,0.58373433
1,0.36769828
1,0.9067858
1,0.8707896
0,0.91434
1,0.97461456
1,0.58303386
1,0.61457014
1,0.42774156
0,0.8720478
0,0.35994822
0,0.045794137
1,0.77181804
1,0.66513747
1,0.21423544
0,0.14911415
0,0.0347608
0,0.06259797
0,0.1167749
0,0.37553754
1,0.43511525
0,0.35968244
0,0.20017827
0,0.16088884
0,0.05332332
0,0.83006585
1,0.36146775
1,0.9237486
1,0.98739445
1,0.91324276
1,0.96745133
0,0.010821863
0,0.20744132
0,0.11996984
0,0.022035912
0,0.017177014
0,0.018048793
0,0.23085585
0,0.111668155
0,0.14511588
0,0.21426336
0,0.062067997
0,0.035238076
0,0.16886242
0,0.39476103
1,0.77158856
1,0.90785927
1,0.96554804
1,0.9543291
1,0.9342707
1,0.9856963
1,0.97136474
1,0.98535305
1,0.9857927
1,0.6762215
1,0.9482577
1,0.9543453
1,0.46823967
1,0.76160526
1,0.87445897
1,0.103238866
1,0.46036413
0,0.111361906
0,0.051758267
0,0.18528382
1,0.96796954
1,0.7686653
1,0.9578181
1,0.9698685
1,0.65707594
1,0.38141593
0,0.3755764
0,0.2466955
1,0.22330995
0,0.14323251
1,0.1973193
0,0.48942262
0,0.10242536
0,0.0074582812
0,0.057621986
0,0.18783799
0,0.76763177
1,0.9424733
1,0.98496443
1,0.9948027
1,0.87485933
1,0.7810383
1,0.7515628
1,0.92096585
1,0.9322317
1,0.82713515
0,0.06162296
0,0.68111557
1,0.06941124
1,0.6203642
1,0.943508
1,0.38252777
1,0.8088708
1,0.94597477
1,0.962958
1,0.91798735
1,0.38104388
1,0.70788056
1,0.7936035
1,0.85663265
1,0.6380083
1,0.60306615
0,0.21008034
0,0.15411787
0,0.16176198
0,0.4129472
0,0.16427146
0,0.25216725
1,0.7546612
1,0.91068786
1,0.9688112
1,0.91278917
1,0.98550826
1,0.68593866
1,0.565609
1,0.62907743
0,0.5783447
0,0.04987945
0,0.080479175
0,0.023658209
0,0.034855317
1,0.4788109
1,0.9086239
1,0.8269412
1,0.6684155
0,0.7652772
1,0.53476244
1,0.15389599
0,0.38465574
0,0.69288325
1,0.38918835
1,0.9266776
1,0.6550644
1,0.6102394
1,0.87884235
1,0.26415426
0,0.78554493
0,0.47125328
1,0.059219666
0,0.017074743
0,0.07150263
0,0.13430202
0,0.3066074
0,0.020479737
0,0.47112867
0,0.6820179
1,0.9835692
1,0.9862018
1,0.9890428
1,0.99509794
1,0.98569113
1,0.9847199
1,0.98803943
1,0.98752475
1,0.95167977
1,0.9824582
1,0.7970029
1,0.7976499
0,0.28822625
0,0.19190282
0,0.5851351
0,0.75676376
0,0.0067264005
0,0.060441937
0,0.09795732
0,0.14941451
0,0.0351212
0,0.013437506
0,0.25800437
0,0.31278014
1,0.91105
1,0.980336
1,0.96962446
1,0.97734046
1,0.9212829
1,0.86975557
1,0.9511576
1,0.92593294
1,0.25063398
1,0.1757479
1,0.5715469
1,0.5037066
0,0.18138209
0,0.041400813
0,0.01907641
0,0.044237442
0,0.29762268
1,0.8635783
1,0.9521259
1,0.8566521
1,0.8851056
1,0.30189842
0,0.2779588
0,0.0621661
0,0.056824706
0,0.1360448
0,0.764859
0,0.31246436
1,0.40722197
0,0.82273084
1,0.39024422
0,0.31390056
0,0.0050815195
0,0.018185517
0,0.08902833
1,0.27771932
1,0.21578328
0,0.15351996
1,0.7700357
0,0.115818754
0,0.32561672
0,0.14283666
1,0.31539285
1,0.20348597
1,0.66945595
1,0.14958034
0,0.13858193
0,0.26189858
0,0.1345856
0,0.6579891
1,0.57520866
0,0.8012111
0,0.762305
0,0.11219945
0,0.21152322
0,0.7111434
1,0.35809985
1,0.5970068
1,0.8250885
0,0.007086879
0,0.02617639
0,0.021491766
0,0.003439357
0,0.017139679
0,0.008407124
0,0.31214616
0,0.4176749
0,0.983063
0,0.89226186
1,0.9379802
1,0.28934827
1,0.85285133
0,0.8343377
0,0.3494797
0,0.72868127
1,0.18461049
1,0.35203263
0,0.8745467
0,0.017066302
0,0.015977591
0,0.017283825
0,0.018251218
0,0.024398565
0,0.07323712
0,0.12665354
1,0.4312589
1,0.5621176
1,0.23965539
0,0.12976678
0,0.18118545
0,0.16240661
0,0.15492857
0,0.11272664
0,0.027284745
0,0.4425528
0,0.5978009
0,0.45432004
1,0.5049123
1,0.14717963
1,0.15630509
1,0.45832026
1,0.08552491
0,0.030295046
0,0.12163947
0,0.06462566
0,0.65471005
0,0.8373908
1,0.32414275
1,0.60712385
1,0.7810866
1,0.71124434
1,0.7634333
1,0.8992905
1,0.8932398
1,0.41695967
1,0.9433889
1,0.31552574
1,0.45195225
0,0.700844
0,0.12806393
0,0.5258
0,0.8276647
1,0.2599756
1,0.2677845
1,0.4528393
0,0.17587137
0,0.35227486
0,0.4811567
0,0.0096081
0,0.084213294
0,0.26834327
0,0.07839472
0,0.07466042
0,0.044837825
0,0.24984236
0,0.23291197
0,0.12843336
0,0.4768705
1,0.41787976
1,0.9670214
1,0.90056306
1,0.91610605
1,0.9727305
1,0.2289956
0,0.057271555
0,0.0025810392
0,0.026404765
0,0.0074142213
0,0.051053382
0,0.2148982
1,0.4352306
0,0.11766577
0,0.2347141
1,0.9094805
1,0.9294938
0,0.65968263
0,0.05531434
1,0.662878
1,0.57211614
1,0.9085954
1,0.92226696
0,0.5426345
1,0.8140652
1,0.5736842
1,0.9536216
1,0.9093732
0,0.019646952
0,0.21842672
0,0.023924932
0,0.053479142
1,0.7905002
1,0.89922863
0,0.041515455
0,0.0053442544
0,0.019190304
0,0.018536907
0,0.033968765
0,0.10561938
0,0.050395664
0,0.11294132
0,0.07075164
0,0.84545004
0,0.93852353
1,0.8981234
1,0.9827282
1,0.9866024
1,0.98999363
1,0.9796505
1,0.5812925
1,0.20313993
0,0.04191477
0,0.0029414503
0,0.008354344
0,0.15126136
0,0.8245123
1,0.87450266
1,0.9975344
1,0.9890866
1,0.97679454
1,0.98989946
1,0.94153935
1,0.9720019
1,0.99110126
1,0.84184396
1,0.7433763
1,0.1152406
0,0.15187074
0,0.13303727
0,0.04422489
0,0.005510552
0,0.030224085
0,0.048449676
0,0.13254882
1,0.91291225
1,0.7697835
1,0.11945489
1,0.6627923
0,0.8552381
1,0.6282769
0,0.30112752
1,0.9768108
1,0.9947595
1,0.98505616
1,0.9980451
1,0.83067
0,0.052956887
0,0.012179398
0,0.062443152
0,0.0102898795
0,0.0054309806
0,0.008239639
0,0.088113025
0,0.021283608
0,0.11144623
0,0.06519541
0,0.04331557
0,0.19937755
0,0.054251134
1,0.114814736
0,0.47428873
0,0.071817994
0,0.06545903
0,0.10579502
1,0.6734711
1,0.730449
0,0.2939949
0,0.019054424
0,0.034635905
0,0.09359239
0,0.32427064
1,0.9801681
0,0.121319294
0,0.24911432
0,0.06813013
0,0.119139835
0,0.80777925
0,0.2918201
1,0.8352401
1,0.45882106
0,0.87798107
0,0.90091693
0,0.874245
0,0.41860542
0,0.32823038
1,0.7827669
1,0.9399863
1,0.9805666
1,0.98298395
0,0.10266907
0,0.09380236
0,0.22250213
0,0.25971317
1,0.38446096
1,0.76400524
0,0.4311221
1,0.12436665
0,0.13979189
0,0.10779177
0,0.12951049
0,0.25043193
0,0.5113334
0,0.05870935
0,0.12237062
0,0.18685561
0,0.13576816
0,0.004307524
0,0.112198144
0,0.47960368
1,0.340001
1,0.26261833
0,0.15094315
0,0.3392504
1,0.1853268
1,0.06335681
1,0.993743
1,0.91210026
1,0.8089017
1,0.97972816
1,0.16584572
0,0.018181404
0,0.008442241
0,0.0012536616
0,0.013178689
0,0.0673575
0,0.11175441
0,0.07358026
1,0.17738785
0,0.23461744
1,0.0325731
0,0.33761925
0,0.19325131
1,0.13329305
0,0.1705676
1,0.5259716
1,0.92999387
1,0.5520151
1,0.9402396
1,0.9110674
0,0.118757315
0,0.22946633
1,0.04007346
0,0.0011251534
1,0.2618622
0,0.16168547
0,0.065941334
0,0.25256523
0,0.49470395
0,0.53321356
1,0.15356722
1,0.4098436
1,0.7094829
1,0.68691736
1,0.14256096
0,0.8213367
0,0.15605818
0,0.04618712
0,0.022913652
0,0.046380006
0,0.017454984
0,0.047550995
0,0.09563767
0,0.31824487
1,0.35828793
1,0.20922135
1,0.46492374
1,0.89386684
1,0.74007106
1,0.14540593
1,0.08772037
1,0.069708675
0,0.038956705
0,0.11526233
0,0.008361802
0,0.14681064
0,0.01741907
1,0.1709372
1,0.31467322
0,0.08747224
0,0.11748953
0,0.11318811
0,0.014182696
0,0.07373401
0,0.040479068
0,0.71571076
1,0.7573575
1,0.943674
1,0.97799325
1,0.9769036
1,0.98544204
1,0.9647281
0,0.16172346
0,0.0770593
0,0.008412508
0,0.02030974
1,0.25255316
1,0.92065835
1,0.9103856
1,0.1387539
0,0.0006584492
0,0.045517404
0,0.011880009
0,0.039293792
0,0.28806883
0,0.9488371
1,0.56854576
1,0.8613455
1,0.66078943
0,0.2113209
0,0.085906856
0,0.23079464
0,0.18346958
1,0.15715446
1,0.9845642
1,0.9618158
1,0.9885832
1,0.9180042
1,0.8195073
1,0.5566083
1,0.4388644
0,0.57068616
0,0.76141304
0,0.03532857
0,0.020426678
0,0.013124476
0,0.009910721
0,0.031077074
1,0.7674632
1,0.7389376
0,0.065508895
0,0.67461586
1,0.9410658
1,0.011185149
0,0.021633033
0,0.141239
0,0.05831635
0,0.16582388
0,0.31853396
1,0.523888
1,0.778466
1,0.6339441
1,0.142406
1,0.47777689
0,0.11210852
1,0.62571716
1,0.8407583
1,0.86286956
1,0.87163585
1,0.3913529
0,0.16109186
0,0.09375961
0,0.020378055
0,0.3290641
1,0.7083996
1,0.9106995
1,0.9700621
1,0.92734665
1,0.34712866
0,0.023192782
0,0.019749006
0,0.0058618276
0,0.3690258
0,0.49711478
1,0.98529077
0,0.039846055
0,0.013850981
0,0.06435948
0,0.66724575
0,0.84599507
1,0.29734963
1,0.9362939
1,0.61282367
1,0.5712386
1,0.84049153
1,0.75040716
0,0.93157464
0,0.93602383
1,0.38224673
1,0.24192815
0,0.7407863
1,0.93953246
1,0.50056696
0,0.74500084
0,0.82345015
0,0.2995594
0,0.018645924
0,0.01795879
0,0.24140468
0,0.07489186
1,0.76899177
1,0.97670436
1,0.55071366
1,0.8431668
1,0.64172935
1,0.93326193
1,0.8854656
0,0.5289818
0,0.1459774
0,0.05896167
0,0.055276357
0,0.98408324
1,0.96552557
0,0.9677875
1,0.9976357
1,0.9939937
1,0.9329028
1,0.9566169
1,0.8689195
1,0.969585
1,0.98104674
0,0.010762329
0,0.72903264
1,0.84637946
1,0.5736111
1,0.5815696
0,0.6131675
0,0.06456514
0,0.029286005
0,0.074467786
0,0.3387511
0,0.5834423
1,0.7313638
1,0.8820372
1,0.73819816
1,0.97785074
1,0.87647325
1,0.690699
0,0.17374973
0,0.045446772
1,0.9892363
1,0.88392496
1,0.7337826
0,0.044809356
0,0.03740933
0,0.012994137
0,0.26343748
0,0.22411118
0,0.41106462
0,0.026416708
0,0.12236148
0,0.070857644
0,0.03283611
0,0.12334586
0,0.083960995
0,0.07918801
0,0.07375748
0,0.38599685
0,0.12720999
0,0.7467028
1,0.9442168
1,0.98733056
1,0.98464125
1,0.9850971
1,0.98953784
1,0.9469903
0,0.71271724
0,0.67527336
0,0.35665473
1,0.688386
1,0.3258732
1,0.59777826
1,0.24745566
1,0.18227552
1,0.28349593
0,0.15440899
0,0.21917841
0,0.033839256
0,0.09485044
0,0.10948865
0,0.04657851
0,0.09980056
0,0.18538867
0,0.16484423
0,0.34015492
0,0.08162094
0,0.018631307
0,0.02011836
0,0.030936906
0,0.4134911
0,0.42598513
0,0.85929626
1,0.9496639
1,0.9788101
1,0.9075371
1,0.96810037
1,0.9260927
1,0.99847835
1,0.99311596
1,0.9740897
1,0.9714769
1,0.26592764
1,0.090591565
0,0.006661036
0,0.009790554
0,0.002526149
0,0.02320129
0,0.403631
0,0.038350057
0,0.5496197
0,0.05012478
0,0.030197272
0,0.32555827
0,0.11126193
1,0.6705509
1,0.7400072
1,0.8702038
1,0.85864073
1,0.3945757
0,0.45421642
1,0.16026556
1,0.15302321
0,0.38282156
1,0.23838137
0,0.11690311
0,0.11261683
1,0.99494654
1,0.9903989
1,0.9971409
1,0.99699426
1,0.99919885
1,0.9993304
1,0.9887749
1,0.9959151
1,0.9529582
1,0.97352284
1,0.9115043
1,0.89118695
1,0.9561363
1,0.7882057
0,0.52927846
0,0.360682
0,0.035847537
0,0.07592561
0,0.0011961471
0,0.032609627
0,0.01783856
0,0.034582436
0,0.12172877
0,0.036414534
0,0.022451557
0,0.0526231
1,0.9307017
1,0.96439195
1,0.9400841
1,0.55107236
1,0.80429804
1,0.6082638
1,0.3861634
1,0.3637926
0,0.06878115
0,0.25706366
0,0.0623005
0,0.020741783
0,0.05665013
0,0.1412142
0,0.1498651
0,0.13034229
0,0.6055793
0,0.8897492
0,0.45506015
1,0.16117303
1,0.67822146
1,0.77777344
1,0.9740649
1,0.8702999
1,0.41679597
1,0.8169533
1,0.95076275
1,0.90270245
1,0.74061
1,0.93642294
1,0.9803376
0,0.98493284
1,0.9601299
1,0.99665266
1,0.98914367
1,0.9770264
1,0.98644465
1,0.935835
1,0.8823678
1,0.98672915
0,0.8191234
0,0.031874906
1,0.9032518
0,0.2332118
0,0.5018698
1,0.998713
1,0.9942814
1,0.83049726
1,0.83594877
1,0.26859108
1,0.8805351
1,0.63371575
0,0.9388044
0,0.17846644
0,0.28753918
0,0.040951237
0,0.1904305
0,0.04486679
0,0.11340786
0,0.6125614
0,0.044341255
0,0.98197377
0,0.032929603
0,0.1379431
0,0.041684464
0,0.016287688
1,0.6453221
1,0.052867256
0,0.053093974
0,0.27315345
0,0.41294098
0,0.4430301
0,0.10263111
0,0.20785537
1,0.9030446
1,0.9906878
1,0.97217405
1,0.9959902
1,0.74730927
1,0.57345915
1,0.47943044
1,0.76954174
1,0.3823563
1,0.46055612
0,0.05589725
0,0.0015711287
1,0.1946611
1,0.7367489
1,0.26375705
0,0.1584511
0,0.40648806
0,0.75673467
0,0.31822193
1,0.062923424
0,0.47674704
0,0.36693916
0,0.41236287
1,0.52936935
1,0.6438909
0,0.19998121
1,0.038569976
0,0.095800556
0,0.017530939
0,0.01196519
0,0.14200325
0,0.0074116704
0,0.19674212
1,0.010792832
0,0.034776784
0,0.05090284
0,0.11301443
0,0.08060891
0,0.20542176
1,0.73709
1,0.9542955
1,0.994995
1,0.9348571
1,0.9094823
0,0.8310073
1,0.764365
1,0.8223728
1,0.8917363
1,0.97250205
1,0.86194545
1,0.5623067
1,0.4170871
0,0.3166851
0,0.120236784
0,0.2853738
0,0.13523309
0,0.061663993
0,0.13795389
0,0.10504449
1,0.76157516
1,0.97031623
1,0.533624
1,0.91372436
1,0.90911967
1,0.75898796
1,0.38435495
1,0.21775791
0,0.06668079
0,0.08461755
0,0.17232569
0,0.17115685
0,0.39399755
0,0.65772796
0,0.6430279
0,0.7938089
1,0.73876274
1,0.7423845
1,0.6826319
1,0.8847006
1,0.90474117
1,0.8788752
1,0.1691478
1,0.79359984
0,0.76371306
0,0.16241561
1,0.20362687
1,0.10583384
1,0.9417074
1,0.5404111
1,0.14138736
0,0.4489774
0,0.029474525
0,0.09976804
0,0.19134359
1,0.22721906
0,0.70022124
0,0.6654031
0,0.5931543
0,0.030939477
0,0.06776264
0,0.2084571
0,0.3699005
0,0.34370053
0,0.8924481
1,0.80835235
1,0.07674711
1,0.22914185
1,0.19739674
1,0.33054337
0,0.03589113
0,0.026495282
1,0.5265044
1,0.19165713
1,0.8111402
1,0.3894513
0,0.14802241
0,0.21743086
0,0.14471857
0,0.12783605
0,0.83243984
1,0.4890063
1,0.56782323
1,0.5285873
1,0.8701464
0,0.680701
0,0.48183653
1,0.047334995
1,0.095271654
1,0.68955135
1,0.73956347
1,0.96184367
1,0.92609197
1,0.5891069
0,0.47021315
0,0.058795486
0,0.060550485
0,0.048509516
0,0.015390446
0,0.30958572
0,0.17114477
0,0.08676871
1,0.14457999
1,0.12974776
1,0.6280992
1,0.02919712
0,0.067004696
0,0.059401676
0,0.020384146
0,0.006551593
0,0.017572314
0,0.022575581
0,0.64457154
1,0.9923723
1,0.9959053
1,0.9958681
0,0.9685195
0,0.01633091
0,0.8307613
0,0.0971073
0,0.19728309
0,0.39826712
0,0.19933192
0,0.09458411
0,0.09702858
0,0.076679125
0,0.1513296
0,0.12908684
0,0.2873217
0,0.069981106
0,0.06999717
0,0.48105073
1,0.34241307
1,0.6147553
1,0.92169654
1,0.475227
0,0.26339218
0,0.054991312
0,0.33568406
1,0.15550831
1,0.47476265
1,0.2130747
1,0.11093122
0,0.056553055
0,0.23362814
0,0.107088104
0,0.1324447
0,0.12372917
0,0.09848427
0,0.19318588
1,0.8896875
1,0.9945911
1,0.99630725
1,0.9950369
1,0.98217654
1,0.7973119
1,0.48723465
1,0.3652647
1,0.9112938
1,0.15081441
0,0.059786584
0,0.73131806
0,0.172121
1,0.73606646
1,0.6373396
1,0.97567195
1,0.9975967
1,0.5646368
0,0.98685884
0,0.488568
1,0.74180406
1,0.18960209
0,0.11229505
0,0.6910452
0,0.18981008
0,0.53740275
1,0.9128233
1,0.65191436
1,0.97078204
1,0.8895965
0,0.3821911
0,0.526146
0,0.49898365
0,0.7303465
1,0.9510664
1,0.50292295
0,0.986754
0,0.99060106
0,0.6645733
1,0.9484663
1,0.9605353
1,0.9438253
1,0.96532935
1,0.87532234
1,0.24803579
0,0.34497768
0,0.070124574
1,0.009302944
0,0.6083691
0,0.41990003
0,0.4958153
0,0.2689475
0,0.1998019
0,0.44535154
0,0.13711658
0,0.41492948
0,0.17572412
1,0.5191802
1,0.9460781
1,0.95400673
1,0.9902845
1,0.97840995
1,0.8050627
1,0.16147053
1,0.81281954
1,0.70019853
1,0.78791374
1,0.945932
1,0.96605474
1,0.15020259
1,0.10027052
0,0.4667571
0,0.22839573
0,0.4033563
0,0.029467441
0,0.038516868
0,0.094195336
1,0.8915867
1,0.97979075
1,0.9882086
1,0.8892004
0,0.1091314
0,0.006639499
0,0.029246088
0,0.029819574
0,0.08339886
0,0.63823235
1,0.07615269
0,0.58258057
1,0.8709122
1,0.40110973
1,0.8174594
1,0.5369729
1,0.07753358
0,0.36710575
0,0.12432409
0,0.051309902
0,0.8307315
0,0.28633082
1,0.8365302
1,0.9252846
1,0.59320116
0,0.9783731
0,0.6626691
1,0.51874226
1,0.20554493
1,0.98829436
1,0.97251487
0,0.16156319
0,0.27864143
0,0.13722123
0,0.41532022
1,0.5080293
1,0.5001175
1,0.96966434
1,0.9940797
0,0.9190788
0,0.2169421
0,0.059866834
0,0.19256942
0,0.2880445
0,0.23490758
1,0.9514558
1,0.9403709
1,0.9717926
1,0.9224163
1,0.7245908
1,0.87838507
1,0.8776884
1,0.8659173
1,0.9019493
0,0.21363284
1,0.07004585
1,0.46485448
1,0.94150597
1,0.9564315
1,0.6040713
0,0.75625056
0,0.5727586
0,0.5151652
1,0.33273366
1,0.9478903
1,0.91505224
1,0.56212544
0,0.93863505
0,0.70880723
1,0.62636214
1,0.9961157
1,0.8987602
1,0.9186045
1,0.93799955
1,0.9602604
1,0.87247974
1,0.91967493
1,0.9397721
1,0.8886727
0,0.80740875
1,0.70697635
1,0.9446506
0,0.8797339
1,0.4324329
1,0.5087668
0,0.85532695
1,0.9418654
1,0.9020249
1,0.87784
1,0.8413604
0,0.51181006
0,0.026228804
0,0.9106853
1,0.36191908
1,0.47973523
1,0.86420065
0,0.6995036
0,0.04449371
0,0.09469912
0,0.38322034
0,0.8076702
1,0.4702244
1,0.9209278
1,0.44803852
1,0.74817204
1,0.8985232
1,0.31886154
0,0.020289913
0,0.016883384
0,0.017549453
0,0.002063791
0,0.36003196
1,0.950064
1,0.8085505
1,0.9190858
1,0.68802494
0,0.23282509
1,0.55446255
1,0.45937195
0,0.14731169
0,0.15387027
0,0.041726466
1,0.9836093
1,0.9903805
1,0.99782526
1,0.97556883
0,0.18451527
0,0.22288325
0,0.1452923
0,0.4971295
0,0.6520928
1,0.57122326
1,0.55462694
1,0.93856704
1,0.30532855
1,0.47348496
0,0.059588306
0,0.13508146
0,0.1657232
0,0.20816152
0,0.0087400945
0,0.39518613
1,0.8523955
1,0.9842795
1,0.987997
1,0.9561358
1,0.55790037
1,0.6382751
1,0.5689805
1,0.16411327
0,0.501879
0,0.0060679326
1,0.9881374
1,0.9862722
1,0.99536175
1,0.9752891
1,0.9852539
1,0.9340236
1,0.7065743
1,0.93296105
1,0.9701212
1,0.9836039
1,0.653933
1,0.89513415
0,0.9615859
0,0.30302134
0,0.009094907
0,0.012584873
0,0.022442471
0,0.008255704
0,0.055758484
0,0.9409209
1,0.6011821
1,0.8839562
0,0.38642997
1,0.14810324
0,0.073874705
0,0.013135486
1,0.58888876
0,0.12353102
1,0.5598749
1,0.8797012
0,0.28292036
0,0.40551257
0,0.59765
1,0.8714263
1,0.87242293
1,0.7732604
1,0.7535185
0,0.18611532
0,0.20465077
0,0.18408072
0,0.10412339
1,0.9934656
1,0.9717278
1,0.9928604
1,0.97386634
1,0.9628104
1,0.9761026
1,0.94823986
1,0.8807405
1,0.8225355
0,0.5613723
0,0.017436683
0,0.11067801
1,0.32967183
0,0.21677959
0,0.6259958
0,0.89514595
0,0.68103975
0,0.35780936
1,0.40333733
1,0.94849753
1,0.9985671
1,0.9967158
1,0.9831647
1,0.9925997
1,0.81602776
0,0.059920825
0,0.38880053
0,0.57049745
0,0.93784606
1,0.89126104
1,0.9684219
1,0.9845323
1,0.95462114
1,0.7175779
1,0.86728764
1,0.7252705
0,0.5998028
1,0.7573646
1,0.65464354
1,0.04086847
1,0.8541218
1,0.76370865
0,0.12843864
0,0.21392979
0,0.264897
1,0.9773119
1,0.96070266
1,0.9857873
1,0.9576241
1,0.96684283
1,0.98076516
1,0.698082
1,0.87088066
1,0.9253424
1,0.9766799
1,0.32419083
1,0.31364045
0,0.283768
0,0.15358117
0,0.30173817
0,0.31157923
0,0.6972012
0,0.040059507
1,0.67494905
1,0.97043407
1,0.9902558
1,0.9973586
1,0.998976
1,0.9983479
1,0.74241775
1,0.13061662
0,0.5997291
0,0.26405564
0,0.10899419
0,0.03287377
0,0.7263194
1,0.25090295
0,0.5991809
1,0.4311976
1,0.52122414
1,0.7325622
1,0.14487575
0,0.3617404
1,0.20124118
1,0.4955037
1,0.24686764
0,0.47027424
0,0.33661196
0,0.32022431
1,0.9157622
1,0.96813625
1,0.97496426
1,0.69932854
1,0.25582433
0,0.50309664
1,0.19501056
0,0.05725519
0,0.004346796
0,0.022514379
0,0.0051752552
0,0.015737412
0,0.13030426
0,0.43371862
0,0.105852455
0,0.57795286
0,0.6392369
1,0.98802096
1,0.99468356
1,0.9676573
1,0.98052293
1,0.775505
1,0.7928622
1,0.045910034
0,0.03210366
0,0.0010092469
0,0.00022883722
0,0.010037081
0,0.272166
1,0.8501165
1,0.92946875
1,0.9420832
0,0.3892017
0,0.044737224
0,0.053536277
0,0.025289763
0,0.017056482
0,0.14682238
0,0.57394075
0,0.18850522
0,0.1901823
0,0.5780241
0,0.06269594
0,0.64332867
0,0.6112058
1,0.36400706
1,0.92054206
1,0.9340098
1,0.6769466
1,0.4074822
0,0.018997725
0,0.16540124
1,0.2822567
1,0.31073353
0,0.971848
0,0.9266304
0,0.8318457
0,0.22044806
0,0.29902533
1,0.40517622
1,0.5979591
0,0.031764973
0,0.18530074
1,0.36274603
0,0.35025486
0,0.25477716
0,0.12053494
0,0.038845565
0,0.09081947
0,0.0789171
0,0.13015829
0,0.23157945
1,0.8120464
1,0.8530355
1,0.9839244
1,0.9896372
1,0.95255476
1,0.9579838
1,0.8963934
1,0.8961446
0,0.04249991
0,0.0130837895
0,0.01805662
0,0.011578246
0,0.04136615
0,0.034971632
0,0.1429337
0,0.11753979
0,0.098765165
0,0.058063768
1,0.98923874
1,0.9938175
1,0.99871266
1,0.995095
1,0.97694993
1,0.9827838
1,0.88489246
1,0.99718213
1,0.8900174
1,0.9966247
1,0.79167986
1,0.9169458
1,0.7599367
1,0.6967906
0,0.18129298
0,0.033708982
0,0.012935868
0,0.07054449
0,0.09109806
0,0.34089878
1,0.18886888
0,0.5265627
1,0.32966912
0,0.071371116
1,0.7456886
1,0.5270068
1,0.52813655
1,0.69087505
0,0.06742435
0,0.30128425
0,0.21642579
0,0.017458787
0,0.36135888
1,0.21399248
0,0.550818
0,0.6264595
1,0.8994491
0,0.41192254
0,0.11622331
0,0.42346904
0,0.033698358
0,0.0018245591
1,0.9458541
1,0.96842134
0,0.08560678
1,0.7218775
0,0.039281994
1,0.08734122
1,0.6180502
0,0.682461
1,0.056671426
0,0.8035989
1,0.9126477
1,0.58197147
0,0.2616219
0,0.7109696
1,0.2751028
0,0.620213
0,0.48903972
1,0.3334135
0,0.4898589
1,0.5570362
1,0.8273641
1,0.38957754
1,0.66228044
1,0.47753626
0,0.35612425
0,0.44247264
1,0.10438142
0,0.6223922
0,0.15589462
0,0.033346936
0,0.034361143
0,0.024735898
0,0.026662065
1,0.991536
1,0.99515766
1,0.99573517
1,0.9416612
1,0.9369343
1,0.96056575
1,0.93164384
1,0.9422455
1,0.24153925
1,0.7897809
0,0.483443
0,0.006225622
0,0.50377053
0,0.000710715
0,0.0031027293
0,0.19081101
0,0.96733356
1,0.97658044
1,0.9841128
1,0.92998904
1,0.8732731
1,0.7416926
1,0.72591245
0,0.6163021
0,0.5791555
1,0.3923126
1,0.8634099
1,0.9979424
1,0.9963038
1,0.99684095
1,0.9941719
1,0.99613696
1,0.99755967
1,0.99377656
1,0.9863165
1,0.90792453
1,0.6623107
1,0.8809616
0,0.7457329
0,0.27199
0,0.15171002
0,0.050401606
0,0.12714376
0,0.8129705
1,0.8475824
1,0.63359576
0,0.47383055
1,0.3175516
1,0.8323894
1,0.49370053
1,0.7546959
1,0.68946046
0,0.07505734
0,0.009563386
0,0.03462397
0,0.25295824
0,0.1717452
0,0.16903725
1,0.751654
1,0.9818351
1,0.9940209
1,0.82516015
0,0.672502
0,0.20906368
0,0.6527377
0,0.010567666
0,0.007536405
0,0.037651367
0,0.04919203
0,0.2663506
0,0.14684704
0,0.020568099
1,0.9973537
1,0.99404174
1,0.94553834
1,0.9328442
1,0.8110538
1,0.64979196
1,0.84384626
1,0.67429817
0,0.5515704
0,0.1028645
0,0.018871589
0,0.031014994
0,0.32009274
0,0.018729666
0,0.3228302
1,0.6078533
1,0.40243632
1,0.70494497
1,0.98684245
1,0.968894
1,0.9947314
0,0.5749269
0,0.04420273
0,0.9002329
0,0.1276346
0,0.36708182
1,0.46452722
1,0.6321548
1,0.811373
1,0.6108069
1,0.77106744
1,0.3896822
0,0.32211304
0,0.34834215
0,0.009436811
0,0.035578847
0,0.042027436
0,0.010842586
0,0.033994704
0,0.040510636
0,0.038761996
0,0.4166735
0,0.45873562
0,0.012032085
0,0.012629444
0,0.027384
0,0.09336991
0,0.34421948
0,0.6899424
0,0.4951156
0,0.3617797
1,0.76492643
1,0.8630591
1,0.9543782
1,0.8082106
0,0.14785936
0,0.030674977
0,0.045394685
0,0.058062706
1,0.29231173
0,0.24317135
0,0.42129505
0,0.65645707
0,0.22051603
0,0.053117055
1,0.1487245
0,0.107039504
0,0.33978742
0,0.28857872
0,0.1452769
1,0.32127038
1,0.8198981
1,0.8540539
0,0.882062
1,0.29217482
0,0.3361582
1,0.963569
1,0.7226091
1,0.87482184
1,0.9859283
1,0.2646043
1,0.2571591
1,0.9802582
1,0.3580181
0,0.7539973
0,0.5824807
1,0.94239503
1,0.87208676
1,0.98931366
1,0.9965222
1,0.8900429
1,0.77490395
1,0.82640165
1,0.22220284
0,0.09936472
0,0.025088837
0,0.07548705
0,0.13515721
0,0.033060063
0,0.06074207
0,0.23855676
0,0.027296152
0,0.4483931
0,0.66993797
1,0.22275244
0,0.8165585
1,0.9654627
1,0.36334795
1,0.83808136
1,0.83118916
0,0.026147177
0,0.29370648
0,0.55283135
0,0.62527674
0,0.97003436
1,0.72307307
0,0.7219382
1,0.87480396
1,0.95303357
1,0.8693452
1,0.108727306
0,0.7685358
1,0.86151594
1,0.5290516
1,0.24441613
0,0.8074179
0,0.31305283
1,0.110585615
0,0.5038381
0,0.028086353
1,0.60378575
1,0.4908514
1,0.6585897
1,0.80041176
0,0.57905716
0,0.4894319
0,0.24688932
0,0.67559904
1,0.657322
1,0.6575873
1,0.41096988
0,0.56767356
1,0.37331927
1,0.3109989
1,0.72136986
0,0.3264933
0,0.06725718
0,0.28216642
0,0.007648349
0,0.2673525
1,0.40574503
1,0.97045296
1,0.5826562
1,0.77851385
1,0.83279216
0,0.6086836
1,0.9167158
0,0.76174635
0,0.0110564185
1,0.70756835
1,0.72578114
1,0.94082075
1,0.9445049
0,0.01612756
0,0.05261352
1,0.71259314
1,0.3514673
0,0.5342721
0,0.07614261
0,0.18266469
0,0.02976875
0,0.2558586
0,0.9687528
1,0.9997229
1,0.9979382
1,0.9969105
0,0.59641653
0,0.423845
1,0.02333968
0,0.8436524
1,0.6629283
1,0.67205316
0,0.737791
0,0.21689947
0,0.14270854
0,0.009305044
0,0.2502147
1,0.040667813
1,0.9747717
1,0.98795056
1,0.9884221
1,0.9788582
0,0.8023739
0,0.24275127
0,0.04494426
0,0.07211719
0,0.041943803
0,0.14320447
0,0.22657941
0,0.39085704
0,0.13334852
0,0.19308263
0,0.42722493
1,0.9942311
0,0.4766221
1,0.9740744
1,0.99351865
1,0.8035769
1,0.9434048
1,0.6432214
0,0.03662473
0,0.092791334
0,0.014288131
1,0.038974266
1,0.36291188
1,0.23933774
1,0.6134664
0,0.32840556
0,0.16645782
0,0.022811078
0,0.12931041
1,0.8444815
1,0.82214946
1,0.84901184
1,0.9256876
0,0.67426157
0,0.91385114
1,0.6168477
1,0.5864483
1,0.90546227
1,0.68626493
1,0.35128933
1,0.4499627
0,0.53456956
1,0.9767779
0,0.69833136
1,0.85642827
1,0.9929022
1,0.36400017
1,0.9263577
0,0.0041317367
0,0.0049449513
0,0.11149812
0,0.04097677
1,0.6793155
1,0.989287
1,0.3918835
1,0.7187174
1,0.12734506
0,0.084097855
0,0.049656115
0,0.013797998
0,0.021346353
0,0.65699446
1,0.51529735
0,0.13056551
0,0.05982825
1,0.829191
0,0.18573742
1,0.8266944
1,0.81680834
0,0.97033274
1,0.44397944
0,0.37151927
1,0.2225726
1,0.9266184
1,0.9190723
1,0.890466
1,0.55017865
1,0.4297252
1,0.41920504
1,0.6000089
1,0.6356295
1,0.6723207
0,0.38808215
0,0.10358722
0,0.13447759
0,0.05787507
0,0.068989486
0,0.47507536
0,0.7313017
0,0.57922274
1,0.31589943
1,0.80486876
1,0.8186912
1,0.93205464
1,0.96697634
1,0.9859023
1,0.9880679
1,0.9978219
1,0.9226377
1,0.99047965
1,0.95176476
1,0.975632
1,0.8899124
1,0.90244657
1,0.988545
0,0.041932497
1,0.97899526
1,0.991975
1,0.97254306
1,0.96126986
1,0.9547111
1,0.7665609
1,0.9536653
1,0.9830772
1,0.6144942
1,0.63638204
0,0.16446953
0,0.06714483
0,0.034681667
0,0.10410663
0,0.3615366
0,0.4984675
1,0.24351136
1,0.9565542
1,0.9889443
1,0.98070884
0,0.031586736
0,0.0051453756
0,0.020702912
0,0.01315197
0,0.013827019
0,0.09875402
1,0.8873317
1,0.928243
1,0.93597054
1,0.8947417
0,0.00097646145
0,0.008569999
0,0.33667853
0,0.018488098
1,0.95239764
1,0.5670224
0,0.76712465
1,0.8138322
1,0.5601238
1,0.7169273
1,0.9962883
1,0.95891535
1,0.9694407
1,0.42372674
1,0.7220905
0,0.60899127
0,0.5849611
0,0.40593195
0,0.10318719
1,0.7283999
1,0.9884851
1,0.7781837
0,0.99348396
0,0.09009391
1,0.8208264
1,0.94223636
1,0.9780437
0,0.6967021
0,0.2615627
0,0.051749986
0,0.056117415
0,0.0552269
0,0.035899755
0,0.07896124
0,0.021186968
0,0.021450264
1,0.061453678
0,0.69238687
1,0.45481107
1,0.12821127
0,0.113084644
1,0.39957008
0,0.20687684
0,0.098945394
0,0.011221359
0,0.008725462
0,0.098118834
0,0.12075736
0,0.08110608
1,0.78247386
1,0.5952823
1,0.6111085
1,0.4828565
1,0.45608613
0,0.0046857726
0,0.029099127
0,0.018110542
0,0.018643726
0,0.00815213
0,0.0017392691
0,0.008604957
0,0.0026727098
0,0.06296974
0,0.20300841
0,0.20987228
0,0.95260626
1,0.95008886
1,0.90754765
1,0.7293766
1,0.78205454
1,0.801289
1,0.803881
1,0.76684535
0,0.9745171
1,0.9141998
1,0.93716973
1,0.6131842
1,0.3687579
1,0.76091206
1,0.83195364
1,0.97491646
1,0.8518557
1,0.870235
1,0.4562833
0,0.6640948
1,0.16327626
0,0.34666383
0,0.16163608
0,0.016994826
0,0.046375368
0,0.08571354
0,0.05055122
0,0.19024703
0,0.09185013
1,0.8311022
1,0.9718285
1,0.9100983
1,0.92530817
1,0.8214628
1,0.22322291
1,0.66797024
1,0.10921973
0,0.16933854
0,0.02167474
0,0.010335202
0,0.029829336
0,0.05331871
0,0.15527214
0,0.18781656
0,0.18024167
1,0.99217236
1,0.9777078
1,0.9679824
1,0.97180027
1,0.888955
1,0.6022973
0,0.22368896
0,0.1245658
0,0.05658528
0,0.36133024
1,0.64886445
1,0.5279692
1,0.9008048
0,0.99101263
1,0.5912581
1,0.521269
0,0.9610559
0,0.60035276
0,0.3628997
0,0.6136341
1,0.85821754
1,0.8892544
1,0.1579489
1,0.996597
1,0.40614823
1,0.028696923
0,0.49698785
0,0.0073379837
0,0.0035509176
0,0.15554656
1,0.97983927
0,0.19726647
0,0.05212195
0,0.07166849
0,0.002341825
0,0.02797954
0,0.23062424
0,0.5941879
0,0.8322589
1,0.82545525
1,0.4624345
1,0.92919904
1,0.5705475
1,0.15108915
1,0.43479276
1,0.3791054
1,0.43374297
1,0.52406883
1,0.050283927
1,0.1777476
0,0.040962595
0,0.07319446
0,0.018724054
0,0.07719032
0,0.009575544
0,0.023953127
1,0.99449074
0,0.05251514
0,0.03376022
0,0.73448664
1,0.94816756
1,0.9130901
1,0.99442947
1,0.9377135
1,0.37776074
1,0.9966524
1,0.9885942
1,0.9479031
1,0.84313476
1,0.3539281
0,0.022652144
0,0.04547632
0,0.011292348
0,0.0060368087
0,0.01829714
0,0.2427819
1,0.91398686
1,0.3917247
0,0.7017222
1,0.82216334
1,0.053246804
0,0.46054542
0,0.15105051
0,0.4197537
0,0.057047926
0,0.22002901
1,0.51387995
1,0.9814787
1,0.9978884
1,0.99737227
1,0.99900025
1,0.91987896
1,0.4763458
0,0.21443285
0,0.011573691
0,0.18529722
0,0.10450255
1,0.5823717
0,0.945691
0,0.48634732
1,0.503686
1,0.8404645
1,0.76075804
1,0.9377173
1,0.71185887
0,0.6989187
0,0.6655795
0,0.064755514
1,0.10417452
0,0.8395234
0,0.68293774
0,0.8233995
0,0.9223076
0,0.5542936
1,0.5644744
1,0.9787835
1,0.9820811
1,0.9090832
1,0.8535403
1,0.988684
0,0.2036743
0,0.15225166
0,0.27470788
0,0.018470718
1,0.63634694
1,0.77237093
0,0.7046229
0,0.8562665
0,0.26564345
0,0.8251915
1,0.98751116
1,0.98965925
1,0.9937178
1,0.96089077
1,0.98650867
1,0.79639584
1,0.9922275
1,0.99748826
1,0.79164153
1,0.75224143
1,0.984313
1,0.99198884
1,0.9100743
1,0.9931779
1,0.99816704
1,0.9994554
1,0.99854314
1,0.9974825
1,0.9985549
1,0.99678075
1,0.98504597
1,0.9673641
1,0.97067106
1,0.99324155
1,0.8952976
1,0.94173753
1,0.9873202
1,0.9548625
1,0.98704094
1,0.9713472
1,0.93922013
1,0.9523387
1,0.9502382
1,0.8406001
1,0.51909053
0,0.28395435
0,0.52301234
0,0.08397253
0,0.13154918
0,0.0025935054
0,0.12857476
0,0.0048216153
0,0.030848492
0,0.12802434
0,0.21484414
0,0.37864986
0,0.5739764
1,0.91737247
1,0.991623
1,0.9694269
1,0.9815807
1,0.4847396
1,0.9662144
1,0.95611066
1,0.90627027
1,0.71592355
1,0.8764649
1,0.9148366
1,0.99745935
1,0.84848154
1,0.9731314
1,0.86801445
1,0.70300275
0,0.9816544
0,0.6291122
0,0.9557245
1,0.83494914
1,0.9360236
1,0.85851234
1,0.89639676
1,0.5875204
0,0.077815086
0,0.11300837
0,0.10020203
0,0.10481674
1,0.7346605
0,0.110702395
1,0.085723855
1,0.7828835
1,0.76933026
1,0.90358543
1,0.5655118
0,0.003154828
0,0.0020261614
0,0.002866255
0,0.0013776919
1,0.9165182
1,0.92790776
0,0.8349489
0,0.40530175
1,0.5724565
0,0.006431883
0,0.034884192
1,0.39436844
0,0.0091672875
0,0.9817915
0,0.13642688
1,0.16286819
0,0.18896523
0,0.014069738
0,0.47803566
1,0.19052479
0,0.66032887
0,0.2695258
1,0.5965027
1,0.7372678
1,0.9101126
1,0.7557606
1,0.3687631
1,0.24881226
0,0.28842002
0,0.07159155
0,0.017222509
0,0.024352454
0,0.00943999
0,0.20873044
0,0.09505902
1,0.5430212
1,0.6255494
0,0.047135912
0,0.03158281
0,0.017190253
0,0.1425582
0,0.7549226
0,0.69136614
1,0.7355388
1,0.79371065
1,0.8866575
1,0.9047531
1,0.8816857
1,0.71839434
1,0.5652279
0,0.4886571
0,0.37376326
0,0.030883154
0,0.014248508
0,0.08766691
0,0.14609638
0,0.08331778
0,0.90059364
0,0.08706644
1,0.10609956
0,0.036977954
0,0.047432948
0,0.01325348
0,0.060517173
1,0.8411913
1,0.67480654
1,0.10547445
0,0.892721
1,0.16898583
1,0.21296456
1,0.4426875
1,0.085700795
0,0.0389065
0,0.005660802
0,0.027750399
0,0.018663112
0,0.050606795
0,0.12025168
0,0.97854745
1,0.9124659
1,0.98015106
1,0.7561325
1,0.8505097
0,0.9070316
0,0.03587822
1,0.025391351
0,0.8220995
0,0.16290551
0,0.1499305
0,0.3547484
0,0.018614596
1,0.03238035
0,0.008225681
0,0.0092562605
0,0.671029
0,0.034616016
0,0.5100935
0,0.005848921
0,0.0017875496
0,0.004042556
0,0.12113978
0,0.0043308544
1,0.8989032
0,0.17779163
0,0.16782427
0,0.32731682
0,0.18045723
0,0.18203443
0,0.05106022
0,0.29545137
0,0.050807256
0,0.020758385
0,0.1321911
0,0.3692357
1,0.60467106
1,0.23910394
1,0.4873176
1,0.5291324
1,0.59962904
1,0.68484247
1,0.6613498
1,0.22299254
1,0.18773739
0,0.12218844
0,0.0558343
0,0.015171976
0,0.008577632
0,0.14464188
0,0.062958874
0,0.3174898
0,0.07930428
0,0.13710386
0,0.0963359
0,0.066055425
0,0.5265776
0,0.8701969
0,0.9057275
0,0.8412528
1,0.8953988
1,0.9841585
1,0.9155723
1,0.9923228
1,0.8668113
1,0.979114
1,0.94667953
1,0.79387665
0,0.6743712
0,0.040610757
0,0.062118106
0,0.13275205
0,0.018539948
0,0.065075144
0,0.15679269
0,0.049086742
0,0.11607867
0,0.06822629
0,0.20442039
1,0.97021264
1,0.85097164
1,0.44552544
0,0.085508816
0,0.12243164
0,0.111877725
0,0.92950666
1,0.93111753
1,0.95408887
1,0.9088685
1,0.25119284
0,0.015344354
0,0.010952581
0,0.11314998
0,0.26183513
0,0.58745426
0,0.79662174
0,0.4095256
0,0.28116366
0,0.12696235
0,0.08226177
0,0.3613009
0,0.83904624
0,0.96443
1,0.828008
1,0.76389587
1,0.8596783
1,0.98080945
1,0.54841346
0,0.76146525
0,0.89672846
1,0.10529752
0,0.24814056
0,0.026355738
0,0.10321214
0,0.32143253
0,0.34464318
1,0.96321285
1,0.8767642
1,0.5695635
1,0.41984472
0,0.020459421
0,0.029228466
0,0.018461276
0,0.05544987
0,0.12120059
1,0.97035235
1,0.98519623
1,0.97745675
1,0.993284
1,0.9106349
0,0.15305746
1,0.056266442
1,0.30400756
1,0.18714547
0,0.980205
1,0.9873542
1,0.92624193
1,0.8819209
1,0.964887
1,0.9463455
1,0.9780598
1,0.9622009
1,0.6587501
1,0.57325786
1,0.78126806
0,0.019344153
0,0.09017788
1,0.32405633
1,0.8401553
1,0.9536341
1,0.76229864
1,0.98815733
1,0.42528698
1,0.38944733
1,0.350182
1,0.8126082
1,0.84494114
0,0.77250534
0,0.7161253
1,0.33585486
1,0.76938397
1,0.9042774
1,0.88824606
1,0.71371216
0,0.1584817
0,0.17375475
0,0.24541338
0,0.46717107
0,0.92719865
1,0.6354464
1,0.91061854
1,0.9117867
1,0.96511257
1,0.4670283
1,0.28381643
0,0.10496631
0,0.3625556
0,0.7775325
0,0.2864174
1,0.39073807
1,0.9507194
1,0.5730759
1,0.73451966
0,0.56524444
0,0.057001896
0,0.02303479
0,0.20022582
0,0.09548683
1,0.18374188
0,0.57141215
1,0.25956702
0,0.898163
1,0.017366728
0,0.41514888
1,0.9969355
1,0.9902496
1,0.83566374
1,0.9952944
1,0.88260025
1,0.82911557
1,0.47607678
0,0.25552437
0,0.1118857
0,0.116177335
0,0.19839838
0,0.27218276
0,0.5610289
0,0.33380368
1,0.88314915
1,0.49729058
1,0.9829116
1,0.99586844
1,0.93873185
1,0.75017136
1,0.9518818
0,0.8605396
1,0.11654279
1,0.9635629
1,0.42922577
1,0.88140637
1,0.8272551
1,0.100225076
0,0.24105616
0,0.0379385
0,0.02512663
0,0.10706766
1,0.84264535
1,0.7947781
0,0.23517299
0,0.06487918
0,0.1375194
0,0.06797379
1,0.89684945
1,0.9920901
1,0.99336326
1,0.98632115
1,0.9247113
1,0.20576611
1,0.94228476
1,0.6977798
1,0.5564128
0,0.6784761
0,0.1209921
0,0.042444505
0,0.20157991
1,0.37272233
0,0.7924191
1,0.25586388
1,0.90406466
1,0.16933525
0,0.579478
0,0.44188306
0,0.012392221
0,0.14449091
0,0.806315
1,0.18872158
1,0.5826226
1,0.44074038
0,0.20667619
0,0.07737991
0,0.14522561
0,0.18634234
0,0.25956786
0,0.22842589
0,0.23381826
0,0.4527255
1,0.2739127
1,0.49246168
1,0.45411113
1,0.4311385
1,0.6084353
1,0.9753738
1,0.3962891
1,0.043085422
0,0.015520281
0,0.0041978783
0,0.01685165
0,0.019817084
0,0.01995924
0,0.03260737
0,0.04235335
0,0.037730683
0,0.048935335
0,0.012687622
0,0.0066026696
0,0.02352637
1,0.43418685
1,0.23168327
0,0.057828367
0,0.05569624
0,0.0079073245
0,0.04027582
0,0.05561805
0,0.042635113
0,0.06949373
0,0.07050183
0,0.11611932
0,0.11676728
0,0.39663833
0,0.12259983
1,0.99167234
1,0.9793767
1,0.9849975
1,0.97574025
1,0.89358616
1,0.88623184
1,0.9741194
1,0.93436754
0,0.0410126
0,0.0037612717
0,0.019014737
0,0.048861556
0,0.004726756
0,0.003904289
0,0.007202924
0,0.009098758
0,0.05039636
0,0.027139835
0,0.04087054
0,0.29450417
0,0.8131736
0,0.57405174
1,0.5036908
1,0.33999828
1,0.58145815
1,0.9172316
1,0.7775894
1,0.59385073
1,0.99091923
1,0.97368866
1,0.95199794
1,0.6650693
0,0.040150195
1,0.061723914
0,0.01942744
0,0.008995434
0,0.053058192
0,0.003178429
0,0.13377514
0,0.25694558
0,0.11655385
0,0.16350031
0,0.049066994
0,0.1883055
1,0.953399
1,0.65049386
1,0.36708495
1,0.815888
1,0.33366325
0,0.052749895
0,0.0168108
0,0.10497536
0,0.9439893
1,0.7551948
1,0.90693986
0,0.76436347
0,0.45385936
0,0.24148765
0,0.2650896
1,0.97327775
1,0.8208196
1,0.8959519
1,0.018509656
0,0.014881184
0,0.26048207
0,0.001131427
0,0.11014804
0,0.26625478
0,0.15428753
0,0.0005876522
0,0.016421553
0,0.0012255674
0,0.060838293
0,0.06956293
0,0.7163514
0,0.0824945
1,0.22488274
0,0.41267833
0,0.08137075
1,0.45415524
0,0.07829122
1,0.73464525
1,0.08102203
0,0.01732535
1,0.073792025
0,0.013908663
0,0.11743435
0,0.94581425
0,0.2560531
0,0.028154181
0,0.052058067
0,0.030410249
0,0.02943099
0,0.08895816
0,0.17174487
0,0.2311115
0,0.28220096
0,0.2874294
0,0.51830167
0,0.3541314
0,0.6829527
0,0.1904696
0,0.58367205
0,0.092660055
0,0.58225524
0,0.49732244
1,0.046428982
1,0.38306797
1,0.5234462
1,0.65661585
1,0.56866384
1,0.75985867
0,0.13788387
0,0.029508173
0,0.026466342
0,0.0006515035
0,0.69365025
1,0.7841009
1,0.9494044
1,0.83784586
1,0.9658594
1,0.73523355
1,0.3104859
1,0.8028811
1,0.10114522
0,0.73327005
1,0.2802991
1,0.12002067
0,0.19531028
0,0.01443373
0,0.035138607
0,0.25418156
0,0.27356774
1,0.55660063
1,0.9746395
1,0.9876559
1,0.82687
1,0.49933818
1,0.108813584
1,0.11781533
0,0.0060883593
0,0.041438565
0,0.06008909
0,0.050784804
1,0.08000235
0,0.13656768
0,0.9446384
1,0.88381714
1,0.17705478
1,0.7585605
1,0.36723137
1,0.46916214
1,0.6475926
1,0.5430974
1,0.49009687
1,0.4098661
1,0.2641905
1,0.71227115
1,0.38644308
1,0.0525008
0,0.38582927
0,0.003982652
0,0.00855469
0,0.04098035
0,0.09404119
0,0.22380403
0,0.20450446
0,0.8340095
1,0.09328017
1,0.86798483
1,0.94178003
1,0.37036386
1,0.43870774
1,0.019781783
0,0.09559988
0,0.15200344
1,0.04997635
0,0.5704007
0,0.097069375
0,0.6373958
1,0.31215554
1,0.6484636
1,0.86234826
1,0.9628922
1,0.4377093
0,0.080273874
0,0.005380287
0,0.0009024566
0,0.0010569189
1,0.7378732
1,0.9966107
1,0.7629241
1,0.93047786
1,0.57220477
1,0.40299287
0,0.25393942
0,0.068283334
0,0.09855135
0,0.01984229
0,0.34706372
0,0.05525712
0,0.19569913
0,0.052865542
0,0.054694105
0,0.013933792
0,0.07433873
0,0.10683147
0,0.19413674
0,0.21141675
0,0.04664119
0,0.019734042
0,0.13322228
0,0.018443473
0,0.8153222
0,0.87734264
1,0.9066997
1,0.849395
1,0.9061349
1,0.9708773
1,0.9624991
1,0.98858464
1,0.9665754
1,0.7759539
1,0.9252283
1,0.92565566
1,0.86348194
1,0.9950578
1,0.9599354
1,0.9916803
1,0.9370283
1,0.7724132
1,0.8395336
0,0.21406373
0,0.18400513
0,0.09814824
0,0.20596102
0,0.75011206
1,0.9399944
1,0.99707556
1,0.9989287
1,0.96446025
1,0.4969717
1,0.32216638
0,0.081128955
0,0.35263517
0,0.8715828
0,0.41315752
1,0.9662434
1,0.97755516
1,0.99897194
1,0.9994764
1,0.9998386
1,0.99974066
1,0.9899233
1,0.99336267
1,0.9886966
1,0.9504273
1,0.96758366
1,0.9877386
1,0.9957041
1,0.9866261
1,0.9926577
1,0.982547
1,0.99786526
1,0.9122768
1,0.9953052
1,0.8919487
1,0.98053885
1,0.9112405
1,0.9366528
0,0.15949225
0,0.5418762
0,0.6929282
0,0.089832574
0,0.7396203
1,0.12713681
1,0.35450256
1,0.9546221
1,0.9895628
0,0.42170888
0,0.061116014
0,0.3440375
0,0.23622444
0,0.41264373
0,0.20943518
1,0.31329954
1,0.7485448
1,0.7844134
1,0.40099305
0,0.93840176
0,0.8258328
0,0.17658874
0,0.37001547
1,0.8923246
1,0.93232745
1,0.96758604
1,0.93685573
1,0.95968306
1,0.9947127
0,0.026344573
0,0.114171594
1,0.9532153
1,0.94185233
1,0.59342724
1,0.67515254
1,0.3161267
1,0.03370022
0,0.46942794
0,0.013176649
0,0.004558688
0,0.041271262
1,0.062459897
1,0.03891483
0,0.85395515
0,0.16291371
0,0.006936401
0,0.09652545
1,0.9111961
0,0.43453532
1,0.60126674
0,0.2853912
0,0.34982198
0,0.4258917
0,0.042561222
0,0.08186178
1,0.16496514
1,0.6601244
0,0.024863865
0,0.49597266
0,0.10671214
0,0.17130686
0,0.072051354
0,0.3696972
0,0.01743318
0,0.16297516
0,0.060554463
0,0.10753599
0,0.00912462
0,0.100431524
0,0.052280057
0,0.018125746
0,0.06941452
0,0.031411838
0,0.15642954
0,0.94132644
1,0.9323754
1,0.89800197
1,0.95312005
0,0.9221086
0,0.59788287
0,0.22006212
0,0.08896355
0,0.18283355
0,0.07502864
0,0.031932976
0,0.0283615
0,0.0023073624
0,0.667634
0,0.10278072
0,0.10103239
0,0.041267753
0,0.1421839
0,0.055184636
0,0.22046012
1,0.11508073
0,0.39487004
0,0.63504195
1,0.8168442
0,0.24921681
1,0.51612365
0,0.98510355
0,0.017760348
0,0.5158177
1,0.6981798
0,0.8468446
1,0.97761714
1,0.92856973
1,0.19519797
1,0.36005497
0,0.087440535
0,0.0515411
0,0.01850312
0,0.62025917
1,0.7831029
1,0.9859601
1,0.96860844
1,0.9594621
1,0.6632227
1,0.31895623
0,0.29479012
0,0.18455206
0,0.023448372
0,0.03377532
0,0.060361538
1,0.91077584
1,0.86992234
1,0.9868954
1,0.83264786
1,0.9125791
1,0.8470884
1,0.35849366
1,0.6491715
1,0.7106394
1,0.89809406
0,0.10745926
0,0.65511334
1,0.95170134
1,0.88641584
1,0.8815563
1,0.90227056
1,0.7093102
1,0.70026696
1,0.96674055
1,0.5891911
0,0.16606197
0,0.12554887
0,0.04870512
0,0.0034140474
0,0.048409767
0,0.085990466
0,0.11873117
0,0.06123804
1,0.39531747
1,0.45207208
0,0.14363883
0,0.08522086
1,0.9312979
1,0.62876433
0,0.35716882
0,0.4681195
0,0.014569963
0,0.016663875
0,0.08219324
0,0.1602167
0,0.012550332
0,0.0233425
0,0.025000665
0,0.030790063
0,0.061799165
0,0.30897316
1,0.9189142
1,0.96963924
1,0.99392855
1,0.9539408
0,0.00463134
0,0.13245863
1,0.1130285
0,0.115371525
1,0.9788835
1,0.9618727
1,0.20939285
1,0.96313053
1,0.47206435
1,0.52857417
0,0.017508041
0,0.043396156
0,0.08476305
0,0.10555696
0,0.014231367
0,0.075376585
0,0.08687125
0,0.20251425
0,0.180696
0,0.15058589
1,0.81102
1,0.98691165
1,0.869059
1,0.9950348
1,0.9789716
1,0.992289
1,0.9429265
1,0.9769621
1,0.9607345
1,0.9955243
1,0.9445748
1,0.989712
1,0.7612055
1,0.7783104
1,0.74928373
1,0.6061495
1,0.5024906
1,0.8167028
0,0.058504492
0,0.046801884
0,0.0036290819
0,0.026487364
0,0.03939749
0,0.009358353
0,0.026310766
0,0.017237285
0,0.01261843
0,0.044162095
0,0.0885833
0,0.20042445
0,0.017115895
0,0.00854766
0,0.010578411
0,0.055247337
0,0.9376618
0,0.69209695
1,0.7139644
1,0.49809113
1,0.24299057
1,0.5943327
0,0.009206773
0,0.022742962
0,0.011374924
0,0.022565309
0,0.25592008
0,0.180507
0,0.031309698
0,0.33213043
0,0.043649558
0,0.035466727
1,0.5501713
0,0.93243843
1,0.47643006
1,0.8797761
1,0.75469375
1,0.6455622
0,0.05987447
0,0.0044563543
0,0.0022423686
0,0.023576748
0,0.19135107
0,0.13919957
0,0.5819882
0,0.80881464
1,0.95946056
1,0.97124946
1,0.9900563
1,0.9189463
1,0.571328
1,0.664027
1,0.8593594
0,0.07250883
1,0.71832675
1,0.9253325
1,0.88481265
0,0.3636001
1,0.4438289
1,0.6972286
1,0.16039877
1,0.1979162
1,0.53480405
0,0.21366732
0,0.009622127
0,0.04151239
0,0.12926789
1,0.9190626
1,0.9862365
1,0.982346
1,0.94187623
0,0.3073357
0,0.020065498
0,0.0067615737
0,0.41442373
1,0.85481966
1,0.99785906
1,0.9829213
1,0.983254
1,0.97610396
1,0.94634765
1,0.97710437
1,0.9989525
1,0.95695704
1,0.9843129
1,0.7787689
1,0.7401897
0,0.8798891
0,0.020195795
0,0.032102834
1,0.33527723
1,0.9708184
1,0.9190622
1,0.9697703
1,0.9866981
0,0.14132331
0,0.13213548
1,0.53326666
0,0.2880854
0,0.8047624
0,0.8373688
0,0.032040928
1,0.11320804
1,0.985076
1,0.9652985
1,0.9687636
1,0.90149766
1,0.9597797
1,0.9707106
1,0.97041863
1,0.9307843
1,0.97177166
1,0.50501484
0,0.6692176
0,0.36863723
0,0.48353887
0,0.17800084
0,0.59169227
0,0.7020298
0,0.13718241
0,0.0098835835
0,0.006786749
0,0.0020612765
0,0.025545342
0,0.09607606
1,0.072356395
0,0.09332426
0,0.013891785
0,0.12265194
0,0.06924912
0,0.07822388
0,0.2739134
1,0.47294614
0,0.8513321
1,0.28961098
1,0.94708294
1,0.47321936
1,0.44064084
1,0.74923575
1,0.52101105
0,0.0025958624
0,0.29700732
0,0.08670892
0,0.0488298
1,0.7893107
1,0.98127365
1,0.9781934
0,0.5065269
0,0.19588505
1,0.85724527
0,0.8200133
1,0.9881583
1,0.99936515
1,0.83188
1,0.9991202
1,0.29571432
1,0.054750267
0,0.691226
0,0.24455516
0,0.8494509
0,0.610245
0,0.7292146
1,0.5938917
1,0.94375396
1,0.9888493
1,0.9630215
1,0.9940897
1,0.9936499
1,0.82553005
1,0.97669697
1,0.5752381
0,0.33723813
1,0.7997178
1,0.9083971
1,0.9702361
1,0.96126527
1,0.96094406
0,0.9013604
0,0.9675908
0,0.028224709
0,0.44990045
0,0.061079003
0,0.36457416
0,0.07579536
0,0.11278428
0,0.027419664
0,0.24460034
0,0.075620964
0,0.27435187
1,0.50141823
1,0.21133423
0,0.39799443
0,0.45322368
0,0.30376676
1,0.073439054
1,0.12264349
1,0.9234795
1,0.2583741
0,0.23391606
0,0.31452623
0,0.11195965
0,0.35909462
0,0.6086514
0,0.3197099
0,0.056858037
0,0.38085246
1,0.95117325
1,0.8911872
1,0.8773772
1,0.9896444
1,0.9825033
1,0.9497448
1,0.95609236
1,0.38626286
1,0.39019278
0,0.044915285
0,0.035707872
0,0.0050864685
0,0.01675686
0,0.019997917
0,0.07029712
1,0.28256544
0,0.1984189
0,0.2568818
1,0.09714052
1,0.18463734
1,0.95400965
1,0.9811855
1,0.9747294
1,0.9655806
1,0.65201193
0,0.18090115
0,0.65068537
0,0.015129095
0,0.02686453
0,0.5643976
1,0.17592146
1,0.9418163
1,0.9981499
1,0.69565845
1,0.9809676
1,0.32026464
1,0.38415316
1,0.76068765
0,0.18598194
1,0.7504215
0,0.72319883
1,0.47051513
1,0.83286136
0,0.07818507
1,0.5502916
0,0.02598428
0,0.48650336
0,0.9326719
0,0.120338485
0,0.62951815
1,0.89116544
1,0.6348786
1,0.96888125
1,0.95010436
1,0.9331375
0,0.045080617
0,0.10189332
0,0.056317054
0,0.09747223
1,0.97515094
1,0.94209373
1,0.9021126
1,0.9844781
1,0.43038842
0,0.5325543
1,0.16667145
1,0.9075826
1,0.9970092
1,0.72543687
0,0.46562868
0,0.61665493
1,0.5766422
1,0.39938504
1,0.9116205
1,0.9190927
1,0.3739525
1,0.4349447
0,0.01216158
0,0.004259992
0,0.0029973085
0,0.018558107
0,0.084595576
0,0.8439593
0,0.6167272
0,0.90608144
1,0.97839034
1,0.98740035
1,0.9832729
1,0.99632734
0,0.9255346
1,0.35932037
1,0.78683615
1,0.6876509
1,0.65264755
1,0.90725523
1,0.6461372
0,0.11597632
0,0.0032292996
0,0.09611218
0,0.111167915
0,0.057531342
0,0.26588914
1,0.9293149
1,0.7599041
1,0.7105038
1,0.880424
0,0.09960677
0,0.36259064
0,0.042741086
0,0.01576006
0,0.039008725
0,0.16977483
1,0.4349306
1,0.59268093
1,0.7679323
1,0.9778882
1,0.8649708
1,0.839189
1,0.99792224
1,0.8222049
1,0.4760286
0,0.24291067
0,0.38542002
0,0.75987965
1,0.534095
1,0.9788739
1,0.91113263
1,0.9852852
1,0.97274697
1,0.51599497
1,0.57657915
1,0.91824853
1,0.970762
1,0.99361306
1,0.98748744
1,0.9442711
1,0.7065702
1,0.5373566
0,0.008338759
0,0.012478923
0,0.1246176
0,0.029962009
0,0.053901747
0,0.73230594
1,0.34510154
0,0.14768194
0,0.22000206
0,0.020973267
1,0.107167765
0,0.027496329
0,0.064789586
0,0.28315398
0,0.006678069
1,0.15255547
1,0.92725724
1,0.95851886
1,0.9820968
1,0.9434572
1,0.6683397
0,0.8905463
0,0.70407796
0,0.069318585
1,0.4637113
1,0.6383507
1,0.34335536
0,0.5921593
1,0.58764917
1,0.92785877
1,0.6614729
1,0.31882074
1,0.5013903
0,0.029058767
0,0.0048256395
0,0.0045908927
0,0.0074350554
0,0.031469695
0,0.012656551
0,0.5169751
0,0.38693744
1,0.06283874
0,0.87602395
1,0.89469534
1,0.909203
1,0.5607204
1,0.87579983
1,0.78493565
1,0.13473447
0,0.6808889
1,0.97286654
1,0.96671206
1,0.9936512
1,0.9760868
1,0.97587913
1,0.9285455
0,0.7913457
0,0.95271534
1,0.73197144
1,0.99209666
1,0.99931717
1,0.9938877
1,0.9414231
1,0.91409206
1,0.3139691
1,0.5033017
1,0.7692561
1,0.9055654
1,0.928008
1,0.91794086
1,0.92001826
1,0.879444
1,0.8651123
1,0.92976063
1,0.9889516
1,0.92110384
1,0.9703636
1,0.99190277
1,0.96989095
1,0.9204231
1,0.9916847
1,0.8253403
0,0.9123023
0,0.79554963
0,0.40726143
1,0.9369728
1,0.91260284
1,0.8654065
1,0.91366106
1,0.56482524
1,0.41011128
0,0.32273856
1,0.9889577
1,0.98410827
1,0.9982718
1,0.9973435
1,0.9892301
1,0.9640884
0,0.011976182
0,0.0014845005
0,0.027582187
0,0.0070689446
1,0.99777526
1,0.99031
1,0.98871326
1,0.9883725
1,0.97478604
0,0.027060915
0,0.002409714
0,0.1919087
0,0.0036265599
1,0.33467847
1,0.45578083
1,0.8332777
0,0.22299035
0,0.0115094725
0,0.0026373295
0,0.03676793
0,0.13815433
0,0.2745107
0,0.28436494
0,0.39849263
0,0.3344477
1,0.4733401
1,0.5748856
1,0.9967443
0,0.40149644
0,0.12669562
0,0.40197176
0,0.10227002
1,0.21933047
1,0.85848576
1,0.8671068
0,0.20704675
0,0.47798902
0,0.06444535
0,0.0075324546
0,0.10079304
0,0.15810032
0,0.08301462
1,0.068114065
1,0.67001367
1,0.9002086
1,0.41396132
0,0.059661735
0,0.0050084735
0,0.009297394
0,0.030791447
0,0.016077284
0,0.002466571
0,0.026590485
0,0.44320276
0,0.4483617
1,0.7199818
0,0.39616206
1,0.81539804
1,0.76346815
1,0.29818013
0,0.12857498
1,0.9428782
1,0.9584094
1,0.9262787
0,0.025272671
0,0.028690364
0,0.009626758
0,0.009460264
0,0.33793885
1,0.8698433
0,0.9442472
0,0.98013395
1,0.62500685
0,0.031371705
0,0.0073813247
0,0.031198794
1,0.025143655
1,0.59561086
1,0.9316873
0,0.75148815
0,0.7952228
0,0.6200893
0,0.052262735
0,0.26866814
0,0.35280967
1,0.18753591
1,0.8385611
1,0.8316559
1,0.9488858
1,0.86642265
1,0.5645498
0,0.6450838
0,0.16049315
0,0.5645667
0,0.08372579
0,0.013634027
0,0.018289678
0,0.02407221
0,0.1904473
0,0.12120441
0,0.19357565
0,0.008282335
0,0.45100576
0,0.13030984
0,0.00839799
0,0.37602967
0,0.24716142
0,0.59245616
1,0.7422384
1,0.9273029
1,0.9795537
1,0.96046567
0,0.25687295
0,0.12691358
0,0.12738977
0,0.024336247
0,0.03939877
0,0.0106096
0,0.012397485
0,0.038992405
0,0.46870476
0,0.17746672
0,0.7815513
0,0.63541126
1,0.34178054
1,0.33573782
0,0.11394481
0,0.040929526
0,0.08049587
0,0.04802151
0,0.2858819
0,0.8454678
0,0.92308533
0,0.07212015
0,0.07527169
0,0.21972029
0,0.80508846
0,0.056126118
0,0.009461859
0,0.054694522
0,0.03650579
0,0.003884054
0,0.13026658
0,0.25255793
0,0.19206113
0,0.7348434
1,0.97150034
1,0.92241603
1,0.9645877
1,0.98086435
1,0.8856865
1,0.115721144
0,0.35174796
0,0.17426516
0,0.18579274
0,0.1424715
1,0.20162374
1,0.6928196
0,0.29159462
0,0.15740639
0,0.056729827
0,0.4876914
1,0.8419136
1,0.9104096
1,0.85640633
0,0.5432108
0,0.7375393
1,0.8203084
1,0.52910435
1,0.7157415
1,0.56998134
0,0.20430408
0,0.63802785
1,0.5515093
0,0.13440989
0,0.60468245
1,0.3157186
1,0.6870101
1,0.647615
0,0.89736104
1,0.8753389
0,0.13983619
0,0.27838922
1,0.8352077
0,0.14037515
1,0.33730277
1,0.11358535
0,0.57407236
0,0.08928091
0,0.17204282
0,0.3528698
0,0.045845766
0,0.69897485
1,0.3987122
1,0.9707616
1,0.95701295
1,0.9762991
0,0.097985126
0,0.19273168
0,0.09723387
0,0.28160515
0,0.53700435
0,0.098372445
0,0.15517524
1,0.11260643
1,0.111698486
1,0.2217293
1,0.83281153
1,0.8004487
1,0.97188437
1,0.9128683
1,0.015774593
0,0.13758509
0,0.044909593
0,0.013510816
0,0.11309289
0,0.118578136
0,0.1008728
0,0.09464188
1,0.10118973
1,0.40074453
1,0.67854625
0,0.74206674
0,0.059586152
0,0.16218682
0,0.014535082
0,0.013072335
0,0.21224998
0,0.042213637
0,0.08877986
0,0.31693503
1,0.5384574
1,0.8966898
1,0.9834093
1,0.952169
1,0.9644516
0,0.5722757
0,0.16418941
0,0.017761387
0,0.14328016
0,0.5229686
0,0.18626755
0,0.5749041
0,0.27074334
0,0.08013104
0,0.20331019
0,0.43223667
1,0.0842218
0,0.053539254
0,0.2746045
0,0.35632837
0,0.35188892
1,0.8957826
1,0.49900135
1,0.8370495
1,0.8790186
1,0.8927262
1,0.9602901
1,0.19443873
0,0.41441008
1,0.54479116
1,0.43810534
1,0.965765
1,0.8127721
1,0.10753569
1,0.16026913
0,0.06588316
0,0.120391965
0,0.03866718
0,0.03191386
0,0.28764483
1,0.040363543
1,0.9843407
1,0.9657388
1,0.95409995
1,0.87248063
0,0.049448688
0,0.009402485
0,0.0056478665
0,0.013841396
0,0.6986394
0,0.016019382
0,0.017405454
0,0.13866058
0,0.37114286
0,0.069036275
0,0.22316143
0,0.16113512
0,0.056969058
0,0.026500799
0,0.1639203
0,0.67447925
1,0.954257
1,0.9800498
1,0.98020834
1,0.7757492
0,0.5783068
0,0.7926396
1,0.9279835
1,0.34381083
1,0.9482804
1,0.7098436
0,0.33165303
0,0.11570882
0,0.064056754
0,0.13291055
0,0.66870487
0,0.9776644
0,0.03603798
0,0.11887735
0,0.12636691
1,0.21686274
0,0.1827234
0,0.06231131
0,0.032939542
0,0.10358741
0,0.023695009
0,0.36054653
1,0.961729
1,0.89729345
1,0.6563692
1,0.95654356
1,0.8938276
1,0.9060929
0,0.007403077
0,0.05474333
0,0.34323913
0,0.12246694
0,0.040042803
1,0.045538872
1,0.8226635
0,0.49919343
0,0.12501824
0,0.147603
0,0.05821529
0,0.4266409
1,0.64144385
1,0.45080024
1,0.90354484
1,0.9256774
0,0.55842936
1,0.58427554
0,0.044435836
0,0.1692192
1,0.7386567
1,0.018824056
1,0.19473651
1,0.8428635
1,0.8124009
0,0.98660594
1,0.9357798
1,0.92098504
0,0.056677848
1,0.71885407
1,0.84411925
1,0.10842358
1,0.87704366
1,0.9741276
0,0.11991709
0,0.012041945
0,0.0047384533
0,0.006478953
0,0.010348667
0,0.0037327223
0,0.3007087
1,0.92977434
0,0.12385968
0,0.016810888
0,0.013040445
0,0.056599457
0,0.035002373
1,0.12102492
1,0.81904626
0,0.003933604
0,0.057583705
0,0.01046388
0,0.028445968
0,0.022927294
0,0.013902954
0,0.065580286
0,0.30010998
0,0.1646784
0,0.031012822
0,0.076638624
0,0.15818167
1,0.20073421
1,0.057959106
0,0.63145876
1,0.8315624
1,0.953174
1,0.9867039
1,0.9728099
1,0.9808703
1,0.98030007
1,0.7000302
0,0.42545906
1,0.19387825
1,0.6827827
1,0.072096236
1,0.65985733
1,0.086086385
0,0.10272916
0,0.014107815
0,0.008326965
0,0.10720887
0,0.19275425
0,0.10094172
0,0.07529708
0,0.017219184
0,0.053968985
0,0.015188186
0,0.11691475
0,0.009080381
0,0.2408576
0,0.19526553
1,0.4857221
1,0.71062094
1,0.89509183
1,0.6547297
1,0.027744874
1,0.14872272
0,0.016551562
0,0.008780021
0,0.014588275
0,0.0024252464
0,0.054444455
0,0.059296053
1,0.7059947
0,0.05326323
0,0.08487237
0,0.022057563
0,0.04804448
1,0.8687147
1,0.8289859
1,0.83068824
0,0.7243925
0,0.1767312
0,0.42486796
0,0.0145909265
1,0.4353727
1,0.6753445
1,0.19435693
0,0.9279709
0,0.5470396
1,0.0020140258
1,0.007162229
1,0.08146934
0,0.09601719
0,0.36142594
1,0.56034416
0,0.32661986
1,0.5252351
1,0.8559668
1,0.03716011
1,0.38257608
0,0.74997216
0,0.83884454
1,0.92537546
1,0.3435214
1,0.75442624
1,0.7951335
0,0.3597668
0,0.4229478
1,0.6445599
1,0.12211689
1,0.8412067
1,0.9440895
1,0.19376165
0,0.08561488
0,0.11128579
0,0.05465109
0,0.13188475
0,0.7889441
1,0.8366371
1,0.76086384
1,0.87707484
1,0.6938864
0,0.735039
0,0.5484541
0,0.09226551
0,0.103867665
1,0.1309747
0,0.07255759
0,0.20582
0,0.042332225
0,0.67234075
1,0.85213804
0,0.029585643
0,0.04474083
0,0.8003097
1,0.32948783
1,0.6314785
1,0.66446483
1,0.8455755
0,0.9164983
0,0.1181226
1,0.8349929
1,0.84438264
1,0.9161625
1,0.90151465
0,0.8777797
0,0.48366493
0,0.011382627
0,0.113215804
0,0.37185732
0,0.14874507
0,0.6803309
1,0.42469183
1,0.8744473
1,0.9657655
1,0.95053345
1,0.96266
1,0.99607205
0,0.48869154
1,0.6662987
1,0.8847658
1,0.70009744
1,0.71004105
1,0.10452005
0,0.14338325
0,0.053068735
0,0.0091628535
0,0.03193663
0,0.08423324
0,0.0024601384
0,0.19190471
0,0.6434922
0,0.23167628
0,0.08206943
0,0.04763793
1,0.10309569
0,0.088483065
0,0.018429276
0,0.03345264
0,0.008656364
0,0.026848057
0,0.9704832
1,0.2772233
0,0.46077213
0,0.08357501
0,0.12170289
0,0.033797104
1,0.8777122
1,0.91968924
1,0.9811457
1,0.98923117
1,0.3527672
1,0.26075372
1,0.91300154
1,0.923721
1,0.5488371
1,0.2076882
0,0.42371774
0,0.014362375
1,0.50570965
1,0.9355142
1,0.985677
1,0.992023
1,0.99628204
1,0.70408934
1,0.89680594
0,0.34835124
0,0.27685913
0,0.036528748
0,0.4166554
1,0.8045197
1,0.62622344
1,0.20227075
1,0.9685962
1,0.96550757
0,0.006194299
0,0.014497733
0,0.0131766675
0,0.015708094
1,0.9843946
1,0.9941314
1,0.8955948
1,0.9541453
1,0.4476004
1,0.97579396
1,0.9198254
1,0.99237096
1,0.9911821
1,0.8600112
1,0.86571646
1,0.38454852
0,0.66985106
0,0.7457047
0,0.26997513
0,0.73173356
0,0.28318074
1,0.872396
1,0.9148185
1,0.61951935
1,0.8598104
0,0.04727126
0,0.23918782
0,0.04896513
1,0.98683435
1,0.9966433
1,0.901334
1,0.78636956
1,0.06592217
1,0.88404405
1,0.9437674
1,0.9052766
1,0.9422584
1,0.88575757
1,0.26942584
0,0.26687974
0,0.049747713
0,0.09011536
0,0.013749037
0,0.1782758
0,0.65084606
1,0.3900876
1,0.98241407
1,0.8753611
1,0.9247061
1,0.861886
1,0.86296487
1,0.31999654
0,0.0405173
0,0.022858681
0,0.050485007
0,0.039448086
0,0.3646581
0,0.3814122
0,0.35279968
0,0.20643048
0,0.22485264
0,0.3026874
1,0.14722155
0,0.37322932
0,0.14526834
0,0.08024578
0,0.18937764
0,0.2677419
0,0.8265076
0,0.32260764
0,0.024315342
0,0.46984884
0,0.5858303
0,0.8405684
1,0.86335725
1,0.9682836
1,0.88163006
1,0.9079115
1,0.8914879
1,0.87200385
1,0.87330246
1,0.8981864
1,0.83287674
1,0.7973563
1,0.61227906
1,0.66793835
1,0.9460677
1,0.8215206
1,0.5660082
1,0.3233797
0,0.65763956
0,0.76321644
0,0.38565147
0,0.10926174
0,0.017657561
0,0.8191551
0,0.9702459
1,0.26131192
1,0.9734465
1,0.9792483
1,0.97575015
1,0.9835518
1,0.67530024
1,0.51048243
1,0.839407
1,0.81853414
1,0.93552685
1,0.06710442
0,0.06551965
0,0.12169266
0,0.13445236
1,0.9103958
1,0.7305924
1,0.8617967
1,0.9229147
1,0.5020135
1,0.6597664
1,0.6969079
1,0.7917415
0,0.11154571
1,0.8851255
1,0.9282687
1,0.9567799
1,0.8692672
0,0.023549655
0,0.014539467
0,0.00601735
0,0.009738601
0,0.14764516
0,0.14818986
0,0.30805343
0,0.4110393
0,0.08546399
0,0.008621264
0,0.0024280583
0,0.5960824
0,0.16638476
1,0.66260254
1,0.78442967
1,0.89094615
1,0.878986
1,0.89368033
1,0.7060702
1,0.041240603
0,0.02048049
0,0.04075691
0,0.011461814
0,0.020552006
0,0.15116602
0,0.018281916
1,0.7194059
1,0.89820147
1,0.7838521
1,0.9146733
1,0.70830667
1,0.22425413
1,0.53518325
1,0.658896
1,0.63605803
0,0.87629646
0,0.5436727
0,0.062466312
0,0.29938635
1,0.56527394
1,0.48115453
1,0.8266102
1,0.9311369
1,0.39427343
1,0.892024
1,0.9543897
1,0.97639376
1,0.95316166
1,0.18083818
1,0.26817653
1,0.28184578
0,0.11527783
1,0.8948036
1,0.66842455
1,0.66546816
1,0.6991449
0,0.025361214
0,0.15790296
0,0.13198157
0,0.80501115
1,0.61725956
1,0.94963676
1,0.9717183
1,0.88404256
1,0.9936651
1,0.96359986
1,0.96584654
1,0.8743239
1,0.805489
1,0.6641203
1,0.34711844
0,0.4193693
0,0.06896366
0,0.21615471
0,0.05971202
0,0.65966856
1,0.19365959
1,0.19867888
0,0.9432617
1,0.32426393
1,0.7897891
1,0.8607423
1,0.97455084
1,0.77068657
1,0.18509315
1,0.11741289
1,0.9633893
1,0.94012886
1,0.7206593
1,0.47978923
1,0.9086357
1,0.8773391
0,0.28290388
0,0.20137946
0,0.080485195
1,0.24515203
1,0.8828785
1,0.66227186
0,0.24615431
0,0.023552192
0,0.022751633
0,0.006028977
0,0.03720656
0,0.0977034
1,0.5901887
1,0.92107415
1,0.94064116
1,0.9087295
1,0.80988145
1,0.97658736
1,0.9935082
1,0.92452556
1,0.89138174
1,0.6965394
1,0.9915906
1,0.41425258
1,0.63368094
1,0.15133469
1,0.9290001
1,0.98617715
1,0.9720409
1,0.90747505
0,0.9510433
0,0.5880804
0,0.48963106
1,0.6006596
1,0.70002085
1,0.89745414
0,0.8910813
1,0.2223822
1,0.26209477
1,0.73226386
0,0.23305975
0,0.18157399
0,0.015946524
0,0.0353719
0,0.26131803
1,0.7754995
1,0.96214217
0,0.85556155
1,0.9464168
0,0.5477858
0,0.16045396
1,0.69758034
1,0.7241996
1,0.9708384
1,0.49506295
1,0.08094918
1,0.6771142
0,0.15343364
0,0.0470118
0,0.51125234
0,0.040261272
0,0.6441502
0,0.90537345
1,0.30540442
1,0.807546
1,0.8098422
1,0.2846804
1,0.7360729
1,0.57293046
1,0.8237375
1,0.33407563
1,0.1781249
1,0.6964415
1,0.7162941
1,0.44805962
0,0.700943
0,0.07872538
0,0.036270075
0,0.022773886
1,0.50109094
1,0.11635814
0,0.5431193
0,0.053895485
0,0.018054295
0,0.0029894258
0,0.0661337
1,0.9360251
1,0.62266237
1,0.2748891
1,0.5186155
0,0.04949593
0,0.49582633
0,0.38989243
0,0.335059
0,0.0918267
0,0.14304964
0,0.18890482
0,0.26277405
0,0.58509636
0,0.156355
0,0.1378553
0,0.58773065
1,0.31543607
1,0.7463332
1,0.717128
1,0.45351407
1,0.039325982
0,0.37430882
0,0.10884635
0,0.048229273
0,0.19525562
1,0.96801543
1,0.9872595
1,0.83397794
1,0.87295127
1,0.7972151
0,0.6849756
0,0.6767964
0,0.1090513
0,0.5324735
0,0.32927495
1,0.78284186
1,0.93802494
1,0.95209193
1,0.9923856
1,0.9729955
1,0.56617945
1,0.9410656
1,0.7336687
1,0.49876767
0,0.5928458
0,0.19456913
0,0.04788636
0,0.16808969
0,0.07638489
0,0.031406876
1,0.9577661
1,0.11375129
1,0.69844365
1,0.48938677
0,0.011184764
0,0.009008757
0,0.0043493086
0,0.005413348
0,0.017112326
0,0.011042564
0,0.46761915
1,0.8653815
1,0.9784006
1,0.9847637
1,0.98789424
0,0.11849653
0,0.08359637
0,0.45658013
0,0.7842619
1,0.22420776
1,0.41167948
1,0.9306279
1,0.44359046
1,0.8909674
1,0.8282621
1,0.9786388
1,0.70986366
1,0.18695116
0,0.80318123
1,0.6822919
0,0.014382586
0,0.23480795
0,0.013861491
0,0.33278298
0,0.083632775
0,0.03480463
0,0.22592676
0,0.41336444
1,0.24984637
1,0.40256232
1,0.22612236
1,0.44485173
1,0.6733454
1,0.87919486
1,0.26478907
0,0.7034175
0,0.26967135
1,0.17441876
0,0.368864
0,0.5254964
0,0.113375254
0,0.43384323
0,0.75530887
0,0.61294615
1,0.919446
1,0.4769404
0,0.12985863
0,0.03645045
0,0.017399436
0,0.015279333
0,0.008982338
0,0.02215106
0,0.00091607147
0,0.0070036794
0,0.0013579652
0,0.009222863
0,0.04674719
0,0.05336646
0,0.018963283
0,0.02242681
0,0.358935
1,0.6017539
1,0.7796857
1,0.993364
1,0.9950942
1,0.9623774
1,0.9704507
1,0.88300747
0,0.65343124
0,0.7290583
1,0.57582563
1,0.9312926
1,0.9957047
1,0.88935554
0,0.19134082
0,0.100990765
0,0.04556431
0,0.09664891
0,0.16521485
0,0.44427648
0,0.5233296
1,0.94581115
1,0.99439275
1,0.88383657
1,0.86642605
1,0.78425777
1,0.72213465
1,0.76327986
1,0.3810722
0,0.20689379
1,0.9659796
1,0.99263215
1,0.946964
1,0.3366659
1,0.5802952
1,0.44436702
1,0.3842093
0,0.45782408
0,0.026724057
1,0.013873573
0,0.51671916
0,0.32640946
0,0.89353126
0,0.0096093565
0,0.13050915
1,0.9800055
1,0.9770413
1,0.9921163
1,0.98223406
1,0.9710773
1,0.8718402
1,0.95759237
1,0.9380789
0,0.7893223
0,0.043676153
0,0.0069605056
0,0.011819134
0,0.11203094
0,0.46304405
1,0.9214895
1,0.75856096
1,0.89430046
0,0.65498596
0,0.8647648
1,0.79734844
1,0.65979445
1,0.9197646
1,0.86679417
1,0.6671887
0,0.5034999
0,0.071528025
0,0.20412861
0,0.022480879
0,0.717558
1,0.5690758
1,0.81253576
1,0.9189913
1,0.8175317
1,0.95439065
1,0.21292755
1,0.66434556
1,0.20115252
0,0.09061192
0,0.046293404
0,0.031880565
0,0.058645375
0,0.019020438
0,0.06613637
0,0.027656732
0,0.041815586
0,0.18646447
0,0.8938708
0,0.9624338
1,0.9366188
1,0.9784055
1,0.46970105
1,0.46612763
1,0.4805224
0,0.075541094
0,0.3496912
0,0.33228183
0,0.5068432
0,0.32666093
1,0.34716162
0,0.98272264
1,0.9840135
1,0.98119074
1,0.65837485
1,0.43364826
0,0.6489663
0,0.38449997
0,0.09239176
0,0.49879637
1,0.8655647
1,0.960657
1,0.97404456
0,0.849265
1,0.52670705
0,0.78838557
0,0.171812
0,0.8882383
0,0.89405274
0,0.11841309
0,0.04233957
0,0.11570374
0,0.19642694
0,0.88409257
0,0.045658488
1,0.42531446
0,0.10148326
1,0.4108015
1,0.9852879
1,0.88162965
1,0.9354711
1,0.621251
0,0.18897703
0,0.06372209
0,0.5675095
1,0.6687973
1,0.98413044
1,0.84365773
1,0.7521382
1,0.95967585
1,0.09140986
0,0.462921
1,0.10230502
0,0.12834622
0,0.5162317
0,0.7085889
0,0.34279794
0,0.017212825
0,0.048136313
0,0.10476499
0,0.12595765
0,0.7345587
0,0.04281218
0,0.06279839
0,0.08246321
1,0.23479058
1,0.9476826
1,0.8858866
1,0.8543425
1,0.13550386
1,0.16596729
0,0.54952645
0,0.37462038
0,0.055905733
0,0.0065693012
0,0.022306409
0,0.006884455
0,0.18535362
0,0.08484346
1,0.17726892
1,0.8275916
1,0.6889517
1,0.68943554
0,0.20792139
0,0.085099995
0,0.00532858
0,0.114556566
0,0.37429836
0,0.17020383
0,0.7638379
0,0.3781165
0,0.1559384
1,0.35989606
1,0.9656764
1,0.9704057
1,0.97086406
1,0.9977835
1,0.7805861
1,0.93481904
1,0.94324374
1,0.98958707
1,0.32850057
1,0.6952945
0,0.0063030925
0,0.012052286
0,0.7725481
0,0.040172372
1,0.51351124
1,0.9084611
1,0.048855964
0,0.053425234
0,0.120462246
1,0.95822144
1,0.94774204
1,0.99385625
1,0.997698
1,0.06138429
1,0.06310896
1,0.19941136
0,0.8877364
0,0.64198464
0,0.36168697
0,0.036279704
0,0.09597616
0,0.34802344
1,0.53792673
1,0.3121537
0,0.70214486
0,0.27156147
0,0.4972755
0,0.3289402
1,0.08784214
1,0.61805
0,0.21857485
0,0.31995192
0,0.13980538
0,0.32051754
0,0.11302487
0,0.3554902
0,0.06490399
0,0.18884118
0,0.9525072
1,0.54191554
1,0.87942016
1,0.9898685
1,0.94566166
1,0.9896466
1,0.9568902
1,0.97885656
1,0.21245928
1,0.99077106
1,0.7631686
0,0.91707593
0,0.7572405
0,0.69844335
0,0.11591224
0,0.7686424
1,0.9485071
1,0.70046806
1,0.82091445
1,0.7498684
0,0.1667903
0,0.57963806
1,0.033861637
1,0.27167404
1,0.8612898
1,0.68610185
0,0.16372176
0,0.027685868
0,0.041712463
0,0.011665973
0,0.048336487
0,0.07569531
0,0.6731845
0,0.36929038
0,0.097200386
0,0.77481747
0,0.34349465
0,0.20872632
0,0.07101915
1,0.99114686
1,0.94728345
1,0.71822006
1,0.108653724
0,0.19854829
0,0.08311075
0,0.17018989
0,0.1849201
0,0.08119917
1,0.71471494
1,0.9686266
1,0.90663433
1,0.996561
1,0.6881235
1,0.06825551
1,0.9843158
1,0.9788876
1,0.8195278
1,0.9585631
1,0.8125074
0,0.15187931
0,0.18600914
0,0.26234773
0,0.06274406
1,0.08436284
0,0.14672531
0,0.69443834
0,0.2332877
0,0.23888145
1,0.28543463
1,0.6871726
1,0.6723376
1,0.6079247
1,0.29228368
0,0.030861674
0,0.33028266
0,0.40457037
1,0.54952365
1,0.6037708
1,0.59611326
0,0.12863697
1,0.25090778
1,0.5137206
0,0.027530348
0,0.017117979
0,0.014035984
0,0.0039295796
0,0.6794102
0,0.22364776
0,0.08851605
0,0.011853606
0,0.113842756
0,0.15226547
1,0.73257583
1,0.9940917
1,0.9947149
1,0.9657926
1,0.98944503
1,0.40537673
0,0.2533514
0,0.15579371
0,0.12612104
0,0.41913536
1,0.80238044
0,0.90795165
0,0.174873
0,0.47518876
0,0.35071412
0,0.9931946
1,0.8100445
1,0.5623552
1,0.88594496
1,0.6391635
1,0.111256674
0,0.1657506
0,0.05673497
0,0.028926093
0,0.042013768
0,0.04784201
0,0.085824005
0,0.056176588
0,0.14459193
0,0.087777935
0,0.019588104
0,0.004439532
0,0.16773571
0,0.11201104
0,0.50309205
0,0.110452086
0,0.13642725
0,0.06544186
0,0.035724696
0,0.100972615
0,0.30525842
0,0.083580405
0,0.09739775
0,0.4439501
0,0.05895548
0,0.13557024
0,0.054166656
0,0.09551498
0,0.05543063
0,0.36513346
0,0.08179935
0,0.02006591
0,0.059031263
0,0.051972803
0,0.04118661
0,0.027615646
0,0.0069311084
0,0.024788503
0,0.086493
0,0.04322885
0,0.13839346
0,0.051111534
0,0.018521363
0,0.0077487216
0,0.030485777
0,0.03454739
0,0.015161712
0,0.03444261
0,0.01479665
0,0.0514966
1,0.89042914
1,0.66982186
1,0.83608633
1,0.8233483
1,0.91806334
1,0.4972743
1,0.8378408
1,0.85715646
1,0.9737829
1,0.8793474
0,0.7033346
1,0.9088671
1,0.7030804
1,0.9873317
1,0.026000747
1,0.019456265
0,0.042957492
0,0.024382116
0,0.011856813
0,0.033312086
0,0.04520128
0,0.03392348
0,0.020841787
0,0.15085927
0,0.034638222
0,0.009367282
0,0.13314776
0,0.123441465
0,0.46411943
1,0.6240854
1,0.290173
1,0.5582791
1,0.017679906
1,0.07256981
1,0.15497158
1,0.03346867
0,0.066221416
0,0.044301286
0,0.118041836
0,0.031090165
0,0.0023742984
0,0.0110370815
0,0.004513982
0,0.2827109
0,0.6469698
0,0.34470865
1,0.9177435
1,0.939323
1,0.986407
1,0.9425216
1,0.9735005
1,0.94295937
1,0.98398244
1,0.74592364
0,0.40460408
0,0.059127443
0,0.024292294
0,0.020810626
0,0.033494186
0,0.049798895
0,0.059813574
0,0.05327448
1,0.7908566
1,0.6092835
1,0.6364124
1,0.79957277
1,0.44480944
1,0.19223736
1,0.17144953
0,0.48529628
1,0.25113678
0,0.058515918
0,0.0063338
0,0.037173864
0,0.0018954473
1,0.7389174
1,0.9770792
1,0.9883137
1,0.9892664
1,0.8937581
1,0.964596
1,0.6008485
1,0.670416
1,0.86765164
1,0.7387791
0,0.17955396
0,0.20963466
0,0.04539546
0,0.3392818
0,0.37510073
0,0.32150996
0,0.2134757
0,0.35018316
1,0.969802
1,0.97365576
1,0.9503786
1,0.96998006
1,0.94769245
1,0.7186196
1,0.65845454
1,0.80610335
1,0.42513838
1,0.788045
0,0.5853739
0,0.2230793
0,0.6924688
0,0.012292129
0,0.77329314
1,0.5724403
1,0.65295154
1,0.9976394
0,0.46076012
1,0.9875393
1,0.9864529
1,0.866036
1,0.9865993
1,0.7676446
1,0.6745259
1,0.6475056
1,0.31404555
0,0.122621335
0,0.062380772
0,0.01227242
0,0.010049422
0,0.041156538
0,0.11923502
0,0.2204278
0,0.70754594
0,0.85805005
1,0.98775405
1,0.9688885
1,0.94732326
1,0.8970335
0,0.012093941
0,0.07108174
0,0.020856317
0,0.005603438
0,0.0060211443
0,0.8787242
1,0.08978071
0,0.46436578
1,0.4177608
0,0.27205065
0,0.25930637
0,0.0038002173
1,0.019220088
0,0.010836993
0,0.05143824
0,0.1120229
0,0.22105743
0,0.3684908
1,0.022893231
1,0.102625296
0,0.029355882
0,0.0297594
0,0.015957063
0,0.018856777
0,0.023088608
0,0.13137583
0,0.024522027
0,0.06659134
0,0.34676602
0,0.385523
1,0.9629964
1,0.9327508
1,0.9654629
1,0.98842245
1,0.70035243
1,0.8765103
1,0.032437455
1,0.17915164
0,0.11553838
0,0.04445179
0,0.13135326
0,0.03933254
0,0.045358475
0,0.0731174
0,0.035695206
0,0.035963107
0,0.024681667
0,0.0063983537
0,0.102593765
0,0.024739718
0,0.07787735
0,0.024833066
0,0.08582632
0,0.062113427
0,0.017385501
0,0.20368946
0,0.43162003
0,0.31335235
1,0.5133134
1,0.5841407
1,0.87873065
1,0.8880401
1,0.81874305
1,0.71357554
0,0.061046004
0,0.0025604153
0,0.025258675
0,0.29791835
0,0.1715903
0,0.6466236
1,0.754347
1,0.63637054
1,0.62293524
1,0.798494
1,0.9307329
1,0.6587077
0,0.4389496
0,0.61884516
1,0.7537203
1,0.8217847
1,0.9319364
1,0.87485844
0,0.29400665
0,0.28841275
0,0.08384756
1,0.57898307
1,0.20223245
1,0.9356325
0,0.09390042
0,0.20752738
0,0.85399675
0,0.8485704
0,0.84165245
1,0.99380636
1,0.9540702
1,0.9571206
1,0.9357176
0,0.08788974
0,0.9011615
1,0.25956604
0,0.79199326
0,0.51472676
1,0.2889393
1,0.4150086
1,0.5789844
1,0.46191016
0,0.16713123
0,0.031070808
0,0.10717215
0,0.1857715
1,0.027722295
0,0.5182103
0,0.111926615
0,0.1623814
0,0.06942014
1,0.353403
0,0.5462966
0,0.25357506
0,0.10684442
0,0.11249285
0,0.21812803
0,0.03479458
1,0.98251975
1,0.9816405
1,0.9960592
1,0.9891265
1,0.45602703
1,0.8627418
1,0.5044623
0,0.90820044
1,0.12882349
0,0.40874866
0,0.60424554
1,0.37970608
0,0.49124122
0,0.4753478
0,0.08561063
0,0.21102843
0,0.0757831
0,0.047252964
1,0.10219806
0,0.7279375
1,0.67731786
1,0.6543343
1,0.052226726
0,0.14944714
0,0.095816545
0,0.11174076
0,0.048084777
1,0.5310638
1,0.084762864
1,0.8893745
1,0.8591996
1,0.12835048
0,0.2772588
0,0.30380327
1,0.013883781
1,0.070276335
0,0.115789674
0,0.0054294714
1,0.9958891
1,0.6656106
1,0.8156641
1,0.7752214
1,0.79175216
0,0.6858976
1,0.53147614
1,0.3474012
1,0.65713495
1,0.9410659
1,0.9602017
1,0.91577023
1,0.9424698
1,0.5693231
1,0.72332346
1,0.6526438
1,0.8710057
0,0.050378893
0,0.04497455
0,0.04453099
0,0.014197478
0,0.046796642
0,0.19061343
0,0.5619106
0,0.08872939
0,0.5608466
0,0.17910777
0,0.35265753
0,0.5073849
1,0.4634059
0,0.3637997
0,0.02353329
0,0.1353379
1,0.22186607
1,0.80538845
1,0.9105692
1,0.97524184
1,0.6800725
1,0.90929085
1,0.4096876
1,0.5415929
0,0.07826177
0,0.056031138
0,0.010661902
0,0.034080688
0,0.076169595
0,0.052928027
0,0.004114458
0,0.062147964
0,0.17287318
1,0.08005824
0,0.040854733
0,0.011479316
0,0.1411175
0,0.052388538
0,0.124787115
1,0.06114521
0,0.30649492
0,0.07183519
0,0.37359554
0,0.051850926
0,0.48926678
1,0.07461156
1,0.16876236
1,0.30590472
0,0.050238956
0,0.0106606195
1,0.4321801
1,0.42825633
1,0.4783583
1,0.9673011
1,0.9231823
1,0.921508
1,0.73768336
1,0.5379928
1,0.04389727
1,0.92116314
1,0.47183472
0,0.6402308
0,0.49296626
0,0.36319995
1,0.031856842
0,0.018220216
0,0.10903803
0,0.060727857
0,0.16488303
1,0.21791358
0,0.7952052
1,0.7663644
1,0.8096304
1,0.5609283
0,0.46355367
1,0.41824433
0,0.010860981
0,0.13068342
0,0.05188432
0,0.013964632
1,0.7153934
1,0.48793194
1,0.7184195
1,0.7928672
1,0.23408693
0,0.63121504
0,0.013823827
0,0.007045344
1,0.8785854
1,0.94679946
1,0.91238576
0,0.89275426
0,0.3481712
1,0.87102187
1,0.8899409
1,0.9603488
1,0.96735394
1,0.078689024
0,0.64639664
0,0.757711
0,0.06513633
0,0.5649023
1,0.56587195
0,0.2983712
1,0.7984852
1,0.8660157
1,0.93935
1,0.9474451
1,0.5592445
1,0.45683584
0,0.28825232
0,0.7082386
0,0.70320165
0,0.021243837
0,0.7494644
0,0.85553545
0,0.06752403
0,0.21739233
1,0.06610386
1,0.14864247
1,0.23446366
1,0.33195615
0,0.42677432
1,0.36339095
1,0.6568645
1,0.7059738
1,0.9507753
1,0.2997968
1,0.07050587
0,0.09064064
0,0.071928166
0,0.04287851
1,0.0075046294
1,0.24864116
1,0.87693566
1,0.8625096
1,0.93793905
1,0.8346474
0,0.21068676
0,0.58564097
1,0.87160826
1,0.85931844
1,0.94472796
0,0.5345066
1,0.53092045
1,0.79602796
1,0.97731584
1,0.58331233
0,0.010644323
0,0.5831929
0,0.0098529775
0,0.26819175
1,0.9882911
0,0.8679898
0,0.43567252
1,0.7853875
1,0.768036
1,0.8950899
1,0.9726096
1,0.9808991
1,0.4296747
0,0.4653121
0,0.025857659
0,0.010020943
0,0.015749855
0,0.15960562
0,0.20464444
0,0.47138494
0,0.22685555
0,0.05168862
0,0.015588249
1,0.04022961
0,0.45964673
0,0.032595497
0,0.30159095
0,0.52339226
0,0.28576368
0,0.938279
1,0.9530722
1,0.85159755
1,0.35016778
1,0.6402256
0,0.27412832
1,0.58688754
1,0.5608695
1,0.6068285
1,0.97053146
1,0.8559518
1,0.7603946
1,0.8107358
1,0.41511652
0,0.31298408
0,0.22257704
0,0.174285
0,0.03933499
0,0.12998393
0,0.2666887
0,0.46324944
1,0.73473376
1,0.27388266
1,0.87669575
1,0.8191216
0,0.5910477
1,0.37864947
0,0.7303006
1,0.98068696
0,0.8332082
0,0.69966424
1,0.87786734
1,0.29491735
0,0.9509064
0,0.72133374
1,0.6468503
1,0.16289173
1,0.7664127
0,0.3941372
0,0.07454673
0,0.033932343
1,0.26704606
0,0.48727167
1,0.43419057
0,0.84284383
0,0.43644476
0,0.7250584
1,0.24307527
0,0.2769861
0,0.47876137
0,0.8706926
0,0.28625476
1,0.83084023
0,0.5866526
0,0.90795606
1,0.79179096
1,0.50589067
1,0.6276924
1,0.95633805
1,0.954324
1,0.09899336
1,0.5066268
1,0.04458163
0,0.32156
0,0.18177941
0,0.32103112
0,0.33446494
1,0.7201706
1,0.7097408
1,0.94812447
1,0.935475
0,0.92634153
0,0.9298432
1,0.46736878
1,0.69964266
1,0.98807085
1,0.9867749
1,0.99152195
1,0.85119885
1,0.43489552
0,0.72161186
0,0.038591485
0,0.019915247
0,0.005920825
1,0.4531744
1,0.9834925
1,0.74033916
1,0.93173826
1,0.9432511
1,0.7845967
1,0.97881377
1,0.70136446
1,0.42419526
1,0.6363009
0,0.11529077
0,0.11957444
0,0.06608453
0,0.27586564
0,0.34762517
0,0.17030534
0,0.71047956
0,0.934731
0,0.8774938
0,0.8494574
0,0.6608395
0,0.13682947
1,0.8448716
1,0.95594
0,0.17990965
0,0.021987025
0,0.029590258
0,0.011907092
0,0.014991691
0,0.029377427
0,0.008758775
0,0.082861535
0,0.023794739
0,0.016443131
0,0.038625456
0,0.04389924
0,0.007820009
0,0.026893316
0,0.13172583
0,0.0495303
0,0.1501614
0,0.15496053
1,0.11136497
0,0.7919762
1,0.3385706
1,0.80873066
1,0.59446186
0,0.053266797
0,0.7558081
0,0.10899927
0,0.4649371
0,0.23347676
0,0.16958134
0,0.5972034
0,0.2489898
0,0.0064971587
1,0.14223184
0,0.14897344
0,0.06685477
0,0.00837726
0,0.030008802
0,0.016051168
0,0.050543718
0,0.038969517
0,0.059111085
0,0.01192993
0,0.4414438
0,0.6723728
0,0.66065764
0,0.018978521
1,0.9560821
1,0.98881465
1,0.9105017
0,0.9894889
0,0.868176
0,0.44713983
0,0.049618784
0,0.7325911
0,0.110077396
0,0.010472337
0,0.0031349373
0,0.053190067
0,0.014161192
0,0.029454907
1,0.13963895
1,0.724638
1,0.2606603
1,0.36417866
0,0.1718587
0,0.14130045
0,0.044105303
0,0.023347145
0,0.7816712
0,0.7469798
1,0.8234711
1,0.35468242
1,0.72842073
1,0.22271504
0,0.020013839
0,0.16716702
1,0.40057954
1,0.22115852
0,0.75932926
1,0.9884165
0,0.8292612
1,0.9935616
1,0.9786295
1,0.94996154
1,0.8109218
1,0.8152898
1,0.8610217
1,0.4095383
1,0.5390587
1,0.43398702
0,0.92253816
0,0.15955693
0,0.07949228
0,0.19008696
0,0.080125
1,0.8778572
1,0.99052584
1,0.98113674
1,0.96572167
1,0.9666578
1,0.9336928
0,0.006563584
0,0.022153642
0,0.01635683
1,0.46470124
0,0.57195234
1,0.06535025
0,0.82610613
0,0.36655152
0,0.72048575
0,0.69655097
1,0.5465812
1,0.8606605
1,0.9381627
1,0.64463717
1,0.80354494
1,0.97196096
1,0.76129013
1,0.3782305
0,0.05197504
0,0.5510465
0,0.14606304
0,0.15897603
1,0.96264845
1,0.97903115
1,0.952902
1,0.59855783
1,0.6062915
1,0.53552425
0,0.2755969
0,0.08060201
0,0.07015925
0,0.3128959
0,0.28827852
0,0.6459514
1,0.3837575
1,0.819943
1,0.7413842
1,0.89251703
1,0.8953239
0,0.1220683
0,0.70577693
0,0.21001127
0,0.022746358
0,0.0267043
0,0.04220928
0,0.057109244
0,0.07139405
0,0.34608382
0,0.9023286
1,0.65135324
1,0.97422034
1,0.9936227
1,0.9687713
1,0.92853934
0,0.111587234
1,0.37736377
0,0.09064123
0,0.06406699
0,0.3303823
0,0.029718557
1,0.31293875
0,0.52389646
1,0.65399593
1,0.5255667
0,0.05479068
0,0.30038172
0,0.0324614
0,0.18473694
0,0.4662556
0,0.034092292
0,0.008280576
0,0.035240598
0,0.013381916
0,0.02440628
0,0.27415183
0,0.15995273
0,0.31002367
0,0.12970327
0,0.09028368
0,0.07301543
0,0.05717341
0,0.19710967
0,0.08122598
0,0.12896106
0,0.16590627
0,0.2933333
0,0.57662755
0,0.786799
1,0.95771223
1,0.92593193
1,0.9200311
1,0.93852144
0,0.70723253
0,0.061866146
0,0.11606155
0,0.19865224
1,0.8618959
1,0.8499067
1,0.98587406
1,0.89728117
0,0.32660383
0,0.17978685
0,0.0092739
0,0.10045138
1,0.2145418
1,0.5894754
1,0.8942175
1,0.95973873
1,0.9992924
1,0.9923881
1,0.6314525
1,0.9974631
1,0.9726777
1,0.90180886
1,0.99864
1,0.03816482
1,0.62138015
0,0.051596384
0,0.1053075
0,0.23383017
0,0.01265409
0,0.5295776
1,0.39535025
1,0.98552716
1,0.97081447
1,0.99101967
1,0.9590111
0,0.027495746
0,0.27765447
0,0.17918997
1,0.36582997
1,0.1745493
0,0.01897796
1,0.8133267
0,0.073821545
0,0.022531904
0,0.68564886
0,0.036887277
0,0.15951821
1,0.8251276
1,0.7922531
0,0.89962256
0,0.7194158
0,0.0011041132
0,0.0003049847
1,0.90762764
1,0.9594531
1,0.98081034
1,0.9976883
1,0.89284116
1,0.90443456
1,0.79780763
1,0.9026309
1,0.95131123
1,0.25555545
1,0.19142844
1,0.31249142
1,0.502445
1,0.22392485
0,0.9650252
1,0.2995697
1,0.97283316
1,0.96313053
1,0.17209949
0,0.8319431
0,0.35022017
0,0.06001888
0,0.40221068
0,0.30658817
0,0.5092742
0,0.9106433
0,0.7075592
1,0.9131184
1,0.87780064
1,0.95512885
1,0.99695957
1,0.8556507
1,0.7256435
1,0.7110353
0,0.29720193
1,0.71187305
1,0.22388229
0,0.1350227
0,0.01456949
0,0.0061882464
0,0.009389946
0,0.20277873
0,0.10514477
1,0.7368094
0,0.18183912
0,0.12136447
0,0.30275702
1,0.07397683
0,0.43893808
1,0.9504822
1,0.39667004
0,0.3585447
1,0.98019594
1,0.05737668
1,0.2824742
1,0.8790104
0,0.02899945
0,0.050337426
0,0.100254305
0,0.014996698
0,0.28433138
0,0.96487147
1,0.8547408
0,0.15956962
1,0.108793676
1,0.37239248
1,0.6712508
1,0.9490865
1,0.6045916
1,0.42246225
0,0.0626923
0,0.17321491
0,0.0069749793
0,0.01926733
0,0.5704445
0,0.67473745
0,0.756254
0,0.30597496
0,0.075675726
1,0.58413064
0,0.925058
1,0.7577659
1,0.9870863
1,0.73636687
1,0.955316
1,0.92141193
1,0.6016898
1,0.96664685
1,0.91184515
1,0.20051517
0,0.2340189
0,0.39187118
0,0.16640668
0,0.047105875
0,0.124732845
0,0.24930555
0,0.34932902
1,0.94600314
1,0.96010333
1,0.98924327
1,0.67271346
1,0.7642985
1,0.99189305
1,0.8698427
1,0.59018236
0,0.11420436
0,0.09931963
0,0.053842902
0,0.029946974
0,0.8718939
0,0.32319203
0,0.3244374
0,0.74239427
0,0.14771567
1,0.30239365
1,0.3904786
0,0.7624595
0,0.37782547
0,0.28245732
0,0.3774095
1,0.5108538
0,0.008114969
0,0.032170307
0,0.001781612
0,0.0004151307
0,0.0116452975
0,0.0007235438
0,0.003968336
0,0.007903137
0,0.012037109
0,0.00094919314
0,0.023269262
0,0.035195045
0,0.011545098
0,0.0037565774
0,0.005818922
0,0.0010553182
1,0.90695804
1,0.97666806
1,0.70676696
1,0.22183612
0,0.24134168
0,0.12370015
0,0.10604162
0,0.8664829
0,0.8510988
1,0.10811196
0,0.50786483
0,0.2675799
0,0.36927637
0,0.034857266
0,0.03508541
0,0.19479299
1,0.15798308
1,0.98748374
1,0.9900428
1,0.99289954
1,0.9939029
1,0.66665506
1,0.975417
1,0.84228265
1,0.5154863
0,0.103463694
0,0.22609696
0,0.052088164
0,0.39207268
0,0.2515639
1,0.029388567
1,0.4734948
1,0.62320906
1,0.26045835
0,0.2218592
1,0.14049901
1,0.3993228
0,0.07640247
0,0.03509774
0,0.020935042
0,0.04011622
1,0.10858066
0,0.16195917
0,0.3022167
0,0.09985853
0,0.5511323
1,0.5375263
1,0.7614423
0,0.123590566
0,0.2121661
0,0.017307328
0,0.10282732
0,0.01911365
0,0.39993417
0,0.5357181
0,0.9354974
1,0.6424067
1,0.75835156
1,0.92210656
1,0.8411843
1,0.9460033
1,0.98714834
0,0.9279983
0,0.74540514
0,0.801577
0,0.68010384
1,0.9847839
1,0.9229681
1,0.9982627
1,0.9518011
1,0.7275845
1,0.8209505
0,0.1493598
0,0.04092556
0,0.052873798
0,0.045076557
1,0.29199204
1,0.15519549
0,0.2554381
0,0.16837169
0,0.008268004
0,0.027334457
0,0.058233473
0,0.0070171827
0,0.05431222
0,0.14330557
0,0.0151295345
0,0.01708237
0,0.027170297
0,0.10751622
0,0.05707704
0,0.20893796
0,0.985743
1,0.596671
1,0.979454
1,0.9835867
1,0.9797474
1,0.57660884
1,0.85044366
1,0.720895
1,0.8452686
1,0.106879294
0,0.8234817
0,0.37244874
0,0.2915969
0,0.00500336
0,0.020234114
0,0.81273043
1,0.7825783
1,0.98831
1,0.9639861
1,0.94345325
0,0.78537446
0,0.2927288
0,0.07513669
0,0.40311536
1,0.7275687
1,0.83370495
1,0.61162364
1,0.53635705
1,0.5987024
0,0.49974436
0,0.56575984
0,0.15808159
0,0.17151283
0,0.08137499
0,0.06254888
0,0.36949304
0,0.061059512
0,0.28179538
0,0.15253772
1,0.52874035
1,0.41539904
1,0.6104907
1,0.36531112
1,0.10538441
0,0.5558255
0,0.62411636
1,0.02531814
0,0.122360826
1,0.3127125
1,0.46614152
0,0.04697352
1,0.20766334
1,0.45146364
1,0.036613878
0,0.67296684
1,0.7606431
0,0.99108934
1,0.89037985
1,0.985391
0,0.71384555
1,0.87962544
1,0.96572465
1,0.9492972
1,0.9867213
1,0.9830251
1,0.9146805
1,0.9808457
1,0.9923849
1,0.4936716
0,0.4673892
0,0.036929775
0,0.0064293332
0,0.00905618
0,0.11147584
1,0.927413
1,0.9696481
0,0.7970911
0,0.30908793
0,0.4486285
0,0.32060015
0,0.6649818
1,0.9371668
0,0.95512885
1,0.90353024
0,0.94388264
1,0.74951464
1,0.99680907
1,0.9427519
1,0.73135793
1,0.49160776
0,0.2727234
0,0.16361971
0,0.008806749
0,0.086669296
0,0.6528109
1,0.1965955
1,0.70464295
0,0.60560787
0,0.03296089
0,0.03434465
1,0.13670295
0,0.18706511
0,0.528073
0,0.1603143
0,0.0601629
1,0.9150348
1,0.89674824
1,0.9869834
1,0.9950663
1,0.42207456
1,0.11250173
1,0.037536386
0,0.011798028
0,0.011387441
0,0.10073811
0,0.062152106
1,0.5362791
0,0.5709975
0,0.116892084
0,0.02266546
0,0.027108116
1,0.49428013
1,0.39336944
1,0.94786775
1,0.9219028
0,0.6603328
1,0.12007916
1,0.061570507
1,0.64970464
1,0.4670312
1,0.11410368
0,0.06845927
0,0.029387332
0,0.048551098
0,0.029417923
0,0.21735866
1,0.7354048
1,0.8819092
0,0.11033389
1,0.19173309
1,0.09413225
0,0.32765228
1,0.35421318
0,0.20378715
0,0.50171393
0,0.6797642
0,0.08756736
0,0.012904556
0,0.04063448
1,0.59187675
0,0.5637671
0,0.12175228
0,0.007336007
0,0.032083593
0,0.023192527
0,0.14592914
0,0.5243316
0,0.040886074
0,0.033990882
0,0.057909306
1,0.5648191
1,0.51866305
0,0.9720194
1,0.8195309
0,0.96763045
1,0.9054238
1,0.95617944
1,0.9201689
1,0.86564165
1,0.95050037
1,0.8086019
1,0.30275366
0,0.07582737
0,0.30178267
0,0.038504332
0,0.10762872
0,0.04881761
0,0.33248526
0,0.70759904
1,0.9638758
0,0.5418525
0,0.06714978
0,0.22516857
0,0.97664195
0,0.9925485
1,0.5107341
1,0.92121524
1,0.9403075
1,0.90284353
1,0.5520386
1,0.6599456
1,0.36486408
1,0.70437145
1,0.91436166
1,0.89121383
1,0.94686955
1,0.8548706
0,0.04807408
0,0.21921219
1,0.6707742
1,0.7803116
1,0.043449473
1,0.034050263
1,0.015240977
0,0.27204686
0,0.09862743
0,0.016805844
0,0.040312976
0,0.63531786
0,0.2597169
1,0.28514352
0,0.85930014
1,0.6966718
1,0.9017597
1,0.79296774
1,0.122177795
1,0.051023174
0,0.13417341
0,0.022412723
0,0.120858826
0,0.043589167
1,0.556894
0,0.17468338
0,0.03161722
0,0.14858158
0,0.93240964
1,0.9438197
1,0.92502934
1,0.97151405
1,0.9623485
1,0.82159996
1,0.94908875
1,0.83312935
0,0.44038928
0,0.40594727
0,0.010385461
0,0.0093197245
1,0.07063085
0,0.0066064964
0,0.006682911
0,0.22112633
0,0.0062492318
1,0.021406123
0,0.12207641
0,0.029141992
0,0.026696028
1,0.06450544
0,0.03378541
0,0.07403672
0,0.93372667
1,0.18418474
0,0.6385075
0,0.27373436
0,0.40760028
0,0.63566136
0,0.0651837
0,0.024174511
0,0.11143146
0,0.47404867
0,0.63748735
0,0.2593175
0,0.35383517
1,0.00938389
0,0.59631497
0,0.027811417
0,0.18446347
0,0.06852112
0,0.9808609
0,0.7390682
0,0.86571556
0,0.19475234
0,0.70672476
0,0.8678168
1,0.0854726
0,0.19934653
0,0.58073723
1,0.80546933
0,0.82839733
1,0.9518464
1,0.9092589
1,0.970565
1,0.99931407
1,0.94083595
1,0.96922195
1,0.8170621
1,0.9283713
0,0.16707514
0,0.009411673
0,0.040913884
0,0.85413367
1,0.9918967
1,0.8256397
1,0.95065755
1,0.9685619
1,0.9807561
1,0.940533
1,0.5768075
0,0.9295632
0,0.06651474
0,0.6972588
0,0.07602085
0,0.93805015
1,0.9463999
1,0.99735045
1,0.876039
1,0.88664997
0,0.5102392
0,0.14821431
1,0.4910094
0,0.15767837
0,0.84499973
1,0.17270783
0,0.031604104
1,0.4082178
1,0.89425164
0,0.40037856
1,0.558053
1,0.036679886
1,0.5049122
1,0.67982143
1,0.07783529
0,0.107639
0,0.0035927712
0,0.0034741869
0,0.008843333
0,0.09643821
0,0.022441074
0,0.01983902
0,0.03796124
0,0.005012448
0,0.0057841525
0,0.0064009214
0,0.13274716
0,0.74728966
1,0.54808724
1,0.5833497
1,0.9537676
1,0.8009708
1,0.565566
1,0.8111566
1,0.484754
1,0.97122353
1,0.42345637
1,0.50433934
0,0.04939612
0,0.026016371
0,0.009722832
0,0.02291173
0,0.35071748
1,0.4581982
1,0.62464696
1,0.7402872
1,0.33881122
0,0.046837647
0,0.012706122
0,0.047925785
0,0.08902641
0,0.47288147
0,0.6494504
0,0.9196854
1,0.7397422
1,0.93168837
1,0.97705096
1,0.9415383
1,0.9106184
0,0.036297996
0,0.013794106
0,0.0077780853
0,0.007208809
0,0.14560777
0,0.13564248
0,0.296233
1,0.8473119
0,0.7487304
0,0.8281756
0,0.6926071
0,0.06856304
0,0.002785777
0,0.03680854
0,0.043319456
0,0.26785034
0,0.14046673
0,0.11049053
1,0.9104897
1,0.925731
1,0.9458331
1,0.97766864
1,0.9398986
1,0.7103365
1,0.7195906
1,0.16686776
1,0.4018964
1,0.6501102
0,0.17128426
1,0.4371884
0,0.17103615
0,0.16011496
0,0.87797576
0,0.94381195
1,0.85861945
1,0.951824
1,0.9903459
1,0.85411054
1,0.9858936
1,0.93206763
1,0.95013845
1,0.7989392
0,0.028716
0,0.0047834013
0,0.0044770194
0,0.0117581505
1,0.103835456
0,0.41789147
0,0.6208043
1,0.097385176
0,0.23841487
0,0.93886596
1,0.17811544
0,0.19032586
1,0.559339
0,0.30693313
0,0.10145804
0,0.13327554
0,0.09778669
0,0.024085
0,0.57068294
0,0.18685113
0,0.2861265
0,0.11873204
0,0.38049552
0,0.15583663
0,0.037968963
1,0.996099
1,0.9957294
1,0.9901584
1,0.89027184
0,0.054744937
0,0.013248986
0,0.004463593
0,0.024139542
0,0.07344083
0,0.080383055
0,0.17298259
0,0.08911633
0,0.09440193
0,0.068406925
0,0.042629994
0,0.054918654
0,0.21337056
0,0.04133421
1,0.15971592
1,0.48680487
1,0.44669524
0,0.08413383
0,0.24158494
0,0.15562023
0,0.036419034
0,0.794012
0,0.49660084
0,0.8529068
0,0.09396103
0,0.6682259
0,0.022975586
0,0.23856762
1,0.7760382
0,0.81184417
1,0.87671334
1,0.7341404
1,0.9435967
1,0.883344
0,0.056957033
0,0.0381541
0,0.14055766
0,0.10791229
0,0.31961384
0,0.58142626
0,0.04412247
0,0.031602565
0,0.2951853
0,0.045333724
1,0.96431166
1,0.94351906
1,0.97477764
1,0.99470747
1,0.8887881
1,0.033905827
0,0.033075724
0,0.014497078
0,0.07420062
0,0.13229734
0,0.1864064
0,0.055054326
0,0.24245866
0,0.4330392
0,0.069597736
0,0.3715652
0,0.20293017
0,0.095593795
0,0.2179221
0,0.019621687
0,0.02011407
0,0.011101117
0,0.025821524
0,0.0133868335
0,0.012407326
0,0.0875939
0,0.9326615
1,0.624876
1,0.9811257
1,0.96457726
1,0.9905998
1,0.8954034
1,0.9828173
1,0.66600186
1,0.96746093
1,0.9916944
1,0.98644364
1,0.9291294
1,0.25180826
0,0.056704763
1,0.1412437
0,0.0719721
0,0.020837143
0,0.0784208
0,0.1314848
0,0.47740906
0,0.93050504
1,0.44039354
0,0.12106138
0,0.052295655
0,0.24192372
0,0.09284761
0,0.13055742
0,0.08488571
0,0.1933174
0,0.24913703
0,0.090399496
0,0.043902505
0,0.34799588
0,0.95865947
1,0.9956878
1,0.9976544
1,0.97307366
1,0.98548776
1,0.74980503
1,0.96532303
1,0.7924857
0,0.0062404578
0,0.06577119
0,0.1579276
0,0.5922889
1,0.18494467
1,0.51924837
1,0.76984113
0,0.4481657
0,0.24210489
0,0.010858385
1,0.24592009
1,0.9969522
1,0.9573591
1,0.7203349
1,0.91846377
1,0.26233524
1,0.42002138
1,0.25643605
0,0.013398982
0,0.0050062854
0,0.002967605
0,0.002536064
0,0.002786128
1,0.93135196
1,0.7693973
1,0.14966999
0,0.090378635
0,0.045121763
0,0.03888388
0,0.03698263
1,0.022814931
0,0.65665483
1,0.24011753
0,0.22835022
0,0.354309
1,0.21554084
0,0.15117815
0,0.43557757
0,0.54610145
0,0.03348944
0,0.26151982
1,0.5780733
0,0.80228096
1,0.17775764
0,0.7506024
0,0.16744655
1,0.11789715
1,0.78756195
1,0.84777457
1,0.96055824
0,0.11294031
0,0.059461933
0,0.007970843
0,0.07373581
0,0.3030306
1,0.39623347
0,0.9382256
0,0.6840382
0,0.018400867
0,0.61373377
1,0.81572956
1,0.7972722
0,0.92630714
0,0.8763899
0,0.03192545
0,0.030769628
1,0.719231
1,0.62140334
0,0.8228699
0,0.6254241
0,0.011574815
0,0.019659841
0,0.1561988
0,0.03770209
0,0.04948872
0,0.44814444
0,0.9082446
1,0.9264983
1,0.9890348
1,0.9802391
1,0.99181765
1,0.94207615
1,0.9089132
1,0.4617934
0,0.007256462
0,0.042336874
0,0.018608082
0,0.013085889
0,0.008503544
0,0.059764348
0,0.7468364
0,0.44599748
0,0.74122316
1,0.9670113
1,0.7272816
1,0.94772404
1,0.9511877
1,0.89195544
1,0.22774945
1,0.94725573
1,0.872772
1,0.89765364
1,0.7714788
1,0.43315053
1,0.5499915
1,0.45141146
0,0.21161692
0,0.3019136
0,0.4464652
0,0.21922995
0,0.9094238
1,0.12283249
1,0.7669788
1,0.9656644
1,0.98548084
1,0.9684793
1,0.7346649
1,0.7784293
1,0.32040876
1,0.5236758
0,0.015243905
0,0.008458227
0,0.02710702
0,0.011661658
0,0.10794515
0,0.08482274
0,0.011642719
0,0.095416985
1,0.6573562
0,0.8354024
0,0.052209288
0,0.15522636
0,0.023854742
1,0.06886103
0,0.16251807
0,0.049649823
0,0.1352442
0,0.33468342
0,0.25076652
0,0.29254067
0,0.29865354
1,0.08223318
1,0.79243857
0,0.92170036
0,0.97218883
0,0.26746684
0,0.293746
0,0.51178634
0,0.05711452
1,0.62769395
1,0.91270363
1,0.7151286
1,0.93492436
1,0.75096303
1,0.69724894
1,0.27552918
1,0.3884856
0,0.5739894
0,0.16594264
0,0.041849513
0,0.04626895
0,0.66892254
1,0.6456552
1,0.9859676
1,0.82291406
0,0.5885417
0,0.20211993
1,0.09944679
1,0.058280155
1,0.6545619
1,0.7723688
0,0.28043807
1,0.8106686
1,0.9816976
1,0.9888632
1,0.99057066
1,0.960939
1,0.7250984
1,0.91194576
0,0.75028247
0,0.814374
0,0.1255821
0,0.81517446
0,0.006256097
0,0.0016413804
0,0.8577064
0,0.7317427
1,0.9883257
1,0.9773641
1,0.74855036
1,0.8549102
0,0.102531485
0,0.0015220034
0,0.018557785
0,0.09273304
0,0.58870286
0,0.80856156
0,0.40101358
1,0.5132186
0,0.13525306
0,0.24063751
0,0.050472483
0,0.10584535
0,0.19252753
1,0.07512484
0,0.1759371
0,0.24910672
0,0.14346652
0,0.09229616
0,0.38866422
0,0.48273823
1,0.30449566
1,0.8387548
1,0.37043968
1,0.44488525
1,0.3335874
1,0.68776196
1,0.6823855
1,0.92630184
1,0.97500336
0,0.082294464
0,0.0313301
0,0.010724316
0,0.005668623
0,0.08013399
0,0.32324576
0,0.065562434
0,0.41562468
1,0.507619
1,0.6098272
0,0.7693685
0,0.1463456
0,0.27540544
0,0.027411705
0,0.09807739
0,0.009452559
0,0.5307919
0,0.14859377
0,0.009860549
0,0.3903572
1,0.3545999
1,0.95073146
1,0.9529788
1,0.5106069
1,0.36396617
0,0.77727497
0,0.059974827
0,0.1703372
0,0.67652464
0,0.5625493
1,0.15012604
1,0.01911223
1,0.84366983
1,0.56168747
1,0.47744146
1,0.32711112
0,0.18882509
0,0.0020990607
1,0.4481739
0,0.92939454
0,0.6250972
1,0.8555746
1,0.44657487
1,0.6943633
1,0.9401518
1,0.589453
1,0.9828402
1,0.8072482
1,0.846083
1,0.72043127
0,0.76260704
1,0.2533017
1,0.984011
1,0.73260176
1,0.8830842
1,0.8396358
1,0.07911929
0,0.8817362
0,0.6421768
0,0.034937058
0,0.32717657
0,0.5263568
0,0.02003604
0,0.8608525
1,0.7814737
1,0.13160987
0,0.20441444
0,0.1595602
0,0.68206584
0,0.8441388
1,0.9674906
1,0.4463489
1,0.7389076
1,0.8357185
1,0.73496306
1,0.9781125
0,0.03588569
0,0.06931809
0,0.029095404
1,0.39691696
1,0.333836
0,0.59681445
0,0.10231968
0,0.18950036
0,0.1803034
0,0.20540681
1,0.38998258
0,0.04674686
0,0.12035398
1,0.7960157
0,0.5147067
0,0.46098202
0,0.06010339
0,0.115083456
0,0.55029225
0,0.17359436
0,0.6291331
0,0.4393501
0,0.44299054
1,0.16287883
1,0.980339
1,0.5132781
1,0.9507413
1,0.7772946
1,0.19100705
1,0.7599773
1,0.29557398
1,0.20621477
1,0.2939572
0,0.92001104
0,0.45999244
0,0.14225022
0,0.9613267
1,0.34794307
1,0.7425087
1,0.59471065
1,0.8490781
1,0.80385315
0,0.45165804
0,0.11944741
1,0.020492215
1,0.07573472
1,0.8383162
1,0.10376743
1,0.049974196
0,0.34831858
0,0.30073354
0,0.0020305435
0,0.01961742
0,0.026021838
1,0.1224186
0,0.7136795
0,0.2898491
0,0.26455763
0,0.47913525
0,0.28062835
1,0.9755289
1,0.93575466
1,0.9011407
1,0.90731597
1,0.66459846
0,0.26764908
1,0.36189976
1,0.81645143
0,0.35386443
0,0.07851164
0,0.018213868
0,0.023827586
0,0.007840655
0,0.28200573
0,0.034760814
0,0.25862366
0,0.013892139
1,0.3355273
0,0.47907713
1,0.041270517
0,0.25439534
0,0.0008284248
0,0.69973004
0,0.038571328
0,0.21087675
1,0.14820808
0,0.02065368
0,0.8711821
0,0.2674187
0,0.86295724
1,0.95555425
1,0.9111683
1,0.5608003
1,0.8108889
0,0.469306
1,0.029290931
1,0.3087466
1,0.06430287
0,0.058575455
0,0.07048549
1,0.60061944
1,0.9512004
1,0.2887443
1,0.007906727
0,0.037742853
0,0.005995136
0,0.24416758
0,0.38059473
1,0.6543655
1,0.18911807
1,0.024835816
0,0.37001354
0,0.0033761933
0,0.0019998366
0,0.005278053
0,0.39654776
0,0.06683733
0,0.016428178
0,0.14262505
0,0.12048346
0,0.07325851
0,0.047095794
0,0.0013718806
0,0.0151502825
0,0.018618856
0,0.33214307
0,0.94765043
1,0.41479507
1,0.82253873
1,0.21956566
1,0.20198801
0,0.4702551
0,0.37792283
0,0.21241736
0,0.91814804
0,0.012335142
0,0.37122458
1,0.42340207
0,0.43441764
0,0.0312768
0,0.12544969
0,0.054471463
1,0.9552424
1,0.5416074
0,0.8509964
1,0.16489784
0,0.017980307
0,0.3223491
0,0.024716118
0,0.11203822
0,0.48949683
1,0.51450235
1,0.99504256
1,0.9884162
1,0.9610582
1,0.95293427
1,0.11893784
0,0.1765204
0,0.13951102
0,0.011088567
0,0.15701157
0,0.002438785
0,0.027827661
0,0.05239411
0,0.0028563777
0,0.0055370443
0,0.020160545
1,0.82537466
1,0.9810021
1,0.9850081
1,0.9693861
0,0.7606252
1,0.8510879
1,0.89874154
1,0.7963389
1,0.91180444
1,0.8594999
1,0.9338503
1,0.94743294
1,0.8409737
1,0.20547162
0,0.5415559
0,0.16325247
0,0.18256168
0,0.8430506
1,0.8900819
1,0.9747628
1,0.8056475
1,0.526369
1,0.9185586
1,0.27445677
1,0.01607689
0,0.649431
0,0.48109195
0,0.46904567
0,0.29967391
0,0.23937823
0,0.20899631
0,0.16844477
0,0.18188147
0,0.26822528
0,0.68621904
1,0.5729465
1,0.5242772
1,0.8439584
1,0.5158561
1,0.52151203
0,0.4719373
1,0.026753647
1,0.047441613
0,0.024947386
0,0.5498142
0,0.17149915
0,0.055251908
0,0.1442334
1,0.031555288
1,0.44932863
0,0.46793786
0,0.18992066
0,0.040240016
0,0.013981607
1,0.013664064
0,0.045176588
0,0.03541974
0,0.038596887
0,0.0076358337
0,0.058073845
0,0.037276376
0,0.1900237
1,0.36847833
1,0.9710378
1,0.98059124
1,0.8354838
1,0.45611104
0,0.028445559
0,0.12879103
0,0.07250863
1,0.07109842
1,0.21954912
1,0.34394208
0,0.05926174
1,0.993507
1,0.98651
1,0.95575976
1,0.8380029
0,0.9095509
1,0.1583615
1,0.9944571
1,0.969529
1,0.46949747
1,0.9640865
1,0.8043007
0,0.14581268
0,0.43068758
0,0.7995052
0,0.18882628
1,0.9791018
1,0.9864659
1,0.98876035
1,0.9954472
1,0.9970862
1,0.98186433
1,0.06678522
1,0.8949893
1,0.5979172
1,0.4928159
1,0.6606759
1,0.2492363
1,0.94405997
1,0.3249331
0,0.1153982
0,0.081264526
0,0.085467644
0,0.03786669
0,0.7865732
0,0.107232206
1,0.28308386
1,0.74191374
1,0.51130134
1,0.75453234
1,0.7853499
1,0.8314988
1,0.8824709
1,0.98564595
1,0.9318291
1,0.6099043
1,0.39286584
1,0.9773722
1,0.9091147
1,0.89745694
0,0.6942916
0,0.04376277
1,0.043512877
0,0.2960126
0,0.5096182
0,0.59287083
0,0.20652069
1,0.90645075
1,0.79173625
1,0.72605324
1,0.8205786
1,0.26414168
0,0.12378541
0,0.12292672
0,0.35366422
0,0.12099573
0,0.7940696
0,0.40196237
1,0.21753033
0,0.7188496
0,0.20746835
0,0.4296945
0,0.52224785
1,0.34496093
1,0.100884855
1,0.27659404
1,0.025145717
0,0.043591443
0,0.023201808
0,0.09914693
0,0.81357664
1,0.3611744
1,0.95818734
0,0.9810519
1,0.88372403
1,0.97109807
1,0.98818517
1,0.9899333
1,0.99574333
1,0.74391204
1,0.17199296
0,0.52880096
0,0.8383126
0,0.13358235
0,0.1075586
0,0.015041611
0,0.035338297
0,0.017007856
0,0.038874246
0,0.44837746
0,0.78536314
1,0.9973061
1,0.39689413
1,0.98316044
1,0.97427213
1,0.93583554
1,0.9158073
0,0.13098429
0,0.3395959
0,0.42869404
0,0.02571799
1,0.20952587
0,0.5441838
0,0.363172
0,0.89605194
0,0.029761601
0,0.6778368
1,0.6651582
1,0.9153633
1,0.97730196
1,0.9447035
1,0.8359379
0,0.5217174
0,0.8327442
1,0.97848284
1,0.94540244
1,0.8892988
1,0.6847433
0,0.7100531
1,0.29012975
0,0.87732875
1,0.7513126
1,0.9959187
1,0.98554116
1,0.97863847
1,0.75804335
0,0.8104729
0,0.22179918
0,0.25663295
0,0.40271103
0,0.7707774
0,0.94410604
1,0.9482322
1,0.9592214
1,0.97695667
1,0.9592439
1,0.81436557
1,0.7058486
1,0.7234433
0,0.8784447
0,0.7088426
1,0.03763055
0,0.53925574
0,0.22219072
0,0.15170772
0,0.012212319
0,0.08090605
1,0.0688789
1,0.7183708
1,0.9956291
1,0.9957033
1,0.9647066
1,0.15364845
0,0.0052801594
0,0.05318481
0,0.010763913
0,0.14560561
0,0.04607879
0,0.2820672
1,0.82762825
1,0.26494518
0,0.56309795
0,0.6014405
0,0.07869861
0,0.5504583
1,0.9880734
1,0.9342512
1,0.9866219
1,0.3922266
1,0.11878145
0,0.4186705
0,0.40953657
0,0.10265931
0,0.40592414
1,0.8802064
1,0.29628083
1,0.9572305
1,0.92357093
0,0.19127476
0,0.7967052
0,0.007074774
0,0.018907884
0,0.42111942
1,0.92035997
1,0.9643192
1,0.9638607
1,0.9621101
0,0.03655875
0,0.013531671
1,0.49872914
1,0.014963644
0,0.5629349
0,0.039425887
0,0.13539906
0,0.3157444
0,0.34126785
0,0.522041
1,0.87696475
1,0.8243185
0,0.94288474
0,0.98924774
1,0.2119547
0,0.4605272
1,0.6716804
1,0.91727084
1,0.9466682
1,0.8616341
1,0.79943156
1,0.8031497
0,0.55554277
0,0.65202135
0,0.43171895
0,0.20660113
1,0.88292134
1,0.74628025
1,0.64334404
0,0.055278495
0,0.17297123
0,0.08975994
1,0.14145932
1,0.5446354
0,0.23615949
0,0.2748894
0,0.16108808
1,0.9437095
1,0.8971162
1,0.7713581
1,0.8762729
1,0.4553453
1,0.76697445
1,0.68294924
1,0.6111202
1,0.13074987
0,0.2906111
0,0.024016876
0,0.32883465
0,0.8180083
0,0.91281724
0,0.98010856
0,0.47474384
0,0.8549503
1,0.9583479
1,0.9842651
1,0.96174276
1,0.9924189
1,0.58197415
0,0.3168585
1,0.44320685
1,0.11364007
0,0.34862235
0,0.29386935
0,0.14192209
0,0.09298236
0,0.29016182
0,0.5365791
1,0.396498
1,0.71497506
1,0.7960379
1,0.98030466
1,0.8824862
1,0.92013454
1,0.9877301
0,0.062165894
0,0.042625576
0,0.04321821
1,0.075349286
1,0.7894736
1,0.8610246
1,0.08447662
0,0.34049174
0,0.10531887
0,0.009194906
0,0.016985469
0,0.0068655233
0,0.021947864
0,0.047165807
0,0.0777554
1,0.17134145
0,0.3441197
0,0.1829893
0,0.08574419
1,0.0137098245
1,0.266889
1,0.97915447
1,0.6025816
0,0.30378786
0,0.11565695
0,0.14450178
1,0.124200635
1,0.28091565
1,0.6799934
1,0.70765835
0,0.2730347
1,0.98540384
1,0.9665722
1,0.9674019
1,0.9889094
1,0.99617815
1,0.9538974
1,0.99181414
1,0.93005633
0,0.071190774
1,0.7980037
1,0.72704476
0,0.2432707
1,0.6589271
0,0.070025794
0,0.008984079
0,0.03794508
0,0.051551756
1,0.654269
1,0.75791913
1,0.77407026
1,0.94204867
0,0.73233026
1,0.78377503
1,0.8130114
1,0.97862387
1,0.9922643
1,0.47360387
0,0.18950506
0,0.050472498
0,0.19992934
0,0.086450495
0,0.21186908
0,0.43023577
0,0.44730416
1,0.12497801
0,0.04519214
0,0.01504766
0,0.010748869
0,0.10703058
0,0.023046978
0,0.10419717
1,0.34037697
1,0.8198368
1,0.19928728
1,0.13312148
0,0.11174305
0,0.038796645
0,0.025411377
0,0.0016743212
0,0.029607125
0,0.06630313
0,0.56467044
1,0.069844835
0,0.75723386
0,0.20144184
0,0.18864906
0,0.065356344
1,0.9017034
1,0.95108247
1,0.9719936
1,0.9511424
1,0.91599977
1,0.8842292
1,0.96216583
1,0.77259165
1,0.98467004
1,0.9740543
1,0.72943217
1,0.08473054
0,0.03337804
0,0.0665353
0,0.1027885
0,0.11167636
1,0.66778547
1,0.45531076
0,0.26551998
0,0.13960367
0,0.11137063
0,0.31475317
0,0.7539478
1,0.08500942
1,0.5130938
1,0.34755927
0,0.21596238
0,0.19442932
0,0.61733806
0,0.8686844
0,0.023597261
0,0.72975624
1,0.93801636
1,0.5125196
1,0.56884396
1,0.9410158
1,0.8812543
0,0.43287703
1,0.7892378
1,0.9883696
1,0.89241743
1,0.9909208
1,0.64458007
1,0.65657336
0,0.058080666
0,0.024919454
0,0.0021419323
0,0.0077949543
0,0.011994686
0,0.1551478
0,0.5940295
1,0.7979815
1,0.9796607
0,0.028961763
0,0.21744654
0,0.13898383
0,0.420171
1,0.91158324
1,0.7688223
1,0.58043325
0,0.8551798
0,0.00984722
0,0.0021324323
0,0.01418481
1,0.25192222
0,0.015601763
1,0.8700809
0,0.9820187
0,0.011907984
1,0.758222
0,0.02039393
1,0.8840332
1,0.91003776
1,0.81880885
1,0.9783367
0,0.11103121
0,0.017730659
0,0.49493116
1,0.5201015
1,0.94483554
1,0.9095517
1,0.5613122
0,0.08488044
0,0.019461757
0,0.013547632
0,0.035372823
0,0.2169566
0,0.6814186
0,0.8822013
