feature,mean_importance
E_G_repurchase_stock_rgro_4q,-0.004448132384627846
E_G_issuance_stock_tcgro_1q,-0.004189417841275777
E_G_operating_income_rgro_1q_diff_E_G_cash_operations_on_tot_cap_ratio,-0.0035427331069479706
E_G_total_revenues_rgro_1q_diff_E_G_cash_operations_on_tot_cap_ratio,-0.002995848013791291
E_G_quick_ratio_tcgro_4q,-0.002975584114898866
E_G_receivables_rgro_1q_diff_E_G_cash_operations_on_assets_ratio,-0.0029422812893973305
E_G_cash_operations_agro_4q_diff_E_G_receivables_tcgro_4q,-0.0028088857016851376
E_G_cash_investing_rgro_4q,-0.002588400632118537
E_G_effective_tax_rate_on_rev_ratio,-0.0025437235536722503
E_G_interest_expense_on_assets_ratio_diff_E_G_cash_operations_on_tot_cap_ratio,-0.002290095126183478
E_G_net_inc_gro_five_on_rev_ratio_diff_E_G_cash_operations_on_tot_cap_ratio,-0.0022851888219584506
E_G_total_expenses_on_rev_ratio_ratio_E_G_cash_operations_on_tot_cap_ratio,-0.002224256921553236
E_G_operating_income_rgro_1q_diff_E_G_cash_operations_rgro_4q,-0.002128753335489053
E_G_ebitda_rgro_1q_diff_E_G_cash_operations_rgro_4q,-0.0019431839261562001
E_G_compre_income_agro_1q,-0.0019036190109761985
E_G_issuance_stock_rgro_1q,-0.0018066029923768934
E_G_cash_operations_rgro_4q_diff_E_G_total_liabilities_tcgro_4q,-0.00177378186340289
E_G_shares_out_on_tot_cap_ratio,-0.0017376451158664708
E_G_working_cap_on_tot_cap_ratio,-0.0015485717008967726
E_G_cash_operations_on_tot_cap_ratio_sum_E_G_cash_equi_on_tot_cap_ratio,-0.0015250597488491557
E_G_total_revenues_rgro_1q_diff_E_G_cash_operations_on_assets_ratio,-0.001510910025965795
E_G_current_assets_rgro_1q,-0.0015095828563616465
E_G_tax_expense_rgro_1q_diff_E_G_cash_operations_on_tot_cap_ratio,-0.0015052382827972055
E_G_def_tax_assets_on_assets_ratio_diff_E_G_cash_operations_on_tot_cap_ratio,-0.0014829563893837161
E_G_cash_operations_on_tot_cap_ratio_sum_E_G_assets_gro_five_agro_1q,-0.0014790710916917193
E_G_cash_operations_agro_4q_diff_E_G_gross_profit_rgro_1q,-0.0014127895650416944
E_G_cash_operations_tcgro_1q,-0.001340289600093869
E_G_shares_out_tcgro_4q,-0.001313385271640799
E_G_gross_property_on_rev_ratio,-0.001263544666454064
E_G_total_liabilities_tcgro_4q,-0.0012537990825335354
E_G_cash_acquisitions_tcgro_4q,-0.0012322279973181471
E_G_cogs_tcgro_4q,-0.0012286677636898391
E_G_assets_gro_five_tcgro_1q,-0.001227780523611144
E_G_receivables_rgro_1q,-0.0012184341614136728
E_G_other_expenses_tcgro_1q,-0.0011661324234328641
E_G_shares_out_rgro_1q,-0.0011599613029117605
E_G_total_div_on_assets_ratio,-0.0011553309783886244
E_G_current_assets_on_rev_ratio,-0.0011498952455640144
E_G_working_cap_rgro_4q,-0.001077126302365916
E_G_total_div_on_rev_ratio,-0.0010293903378829627
E_G_cash_equi_on_tot_cap_ratio_sum_E_G_cash_operations_on_assets_ratio,-0.0009484799658425524
E_G_cash_financing_tcgro_1q,-0.0009475846310402769
E_G_ebitda_tcgro_4q,-0.0009221634297290615
E_G_net_property_tcgro_4q,-0.0009118967421230195
E_G_ops_expenses_on_assets_ratio,-0.0008969065952793232
E_G_ebt_x_unusual_tcgro_1q,-0.0008948849839021777
E_G_ebt_x_unusual_on_tot_cap_ratio,-0.0008937596829261318
E_G_net_property_tcgro_1q,-0.0008850778665119074
E_G_gross_profit_agro_1q,-0.0008647625210908005
E_G_tangible_book_on_rev_ratio,-0.0008550813234542431
E_G_total_capital_tcgro_1q,-0.0008543786024041378
E_G_current_liabilities_agro_4q,-0.000851097372029841
E_G_interest_expense_agro_4q_diff_E_G_cash_operations_on_tot_cap_ratio,-0.0008231469387669499
E_G_quick_ratio_agro_4q,-0.00082091322527027
E_G_norm_net_inc_on_tot_cap_ratio,-0.0008037652873290168
E_G_total_assets_tcgro_1q,-0.00078371018539789
E_G_total_debt_tcgro_1q,-0.0007834648345577344
E_G_rev_gro_five_on_tot_cap_ratio,-0.0007645147068503277
E_G_total_debt_agro_1q,-0.0007640817455300209
E_G_tax_expense_agro_1q,-0.0007498159697674645
E_G_ebt_x_unusual_on_assets_ratio,-0.0007487689854266844
E_G_inventory_agro_4q_diff_E_G_cash_operations_on_assets_ratio,-0.0007473065985431404
E_G_working_cap_on_assets_ratio,-0.000743704318328664
E_G_other_expenses_on_assets_ratio,-0.0007292685588907721
E_G_def_tax_liability_agro_1q,-0.0007287183911560025
E_G_depre_amor_tcgro_1q,-0.0007267662063575209
E_G_net_inc_gro_five_on_tot_cap_ratio,-0.0007206285924652445
E_G_cogs_agro_4q,-0.0007168212819214758
E_G_tax_expense_rgro_1q,-0.0006868100114978182
E_G_cash_financing_agro_4q,-0.0006847924270878325
E_G_ebt_x_unusual_agro_1q,-0.0006820845200495862
E_G_cash_operations_agro_4q,-0.0006812639577312041
E_G_ebt_x_unusual_rgro_1q,-0.0006779913990444308
E_G_assets_gro_five_tcgro_4q,-0.0006720711124332812
E_G_rev_gro_five_on_rev_ratio,-0.0006682087512620116
E_G_repurchase_stock_agro_4q,-0.0006676809760976177
E_G_minority_int_rgro_4q,-0.0006560351995859692
E_G_norm_net_inc_agro_1q,-0.0006523723329682873
E_G_common_equity_tcgro_1q,-0.0006512684598729334
E_G_common_equity_agro_1q,-0.0006466921378374124
E_G_minority_int_agro_1q,-0.0006432174599875662
E_G_operating_income_rgro_1q,-0.0006419283285894917
E_G_total_liabilities_agro_1q,-0.0006408211177926892
E_G_net_debt_agro_4q_diff_E_G_cash_operations_on_assets_ratio,-0.0006371313111505517
E_G_interest_expense_agro_1q,-0.0006315042599070342
E_G_cash_operations_tcgro_4q_sum_E_G_cash_equi_agro_4q,-0.0006259834256511665
E_G_cash_operations_tcgro_4q,-0.0005990637090336648
E_G_gross_profit_rgro_1q,-0.0005901204060461129
E_G_effective_tax_rate_agro_4q,-0.0005884166450788264
E_G_current_assets_agro_1q,-0.0005870892888193869
E_G_net_debt_agro_4q,-0.0005843258362414616
E_G_ebitda_rgro_1q,-0.0005819610470964686
E_G_cash_equi_on_assets_ratio,-0.0005784574329220638
E_G_total_intangibles_tcgro_4q,-0.0005709059739431588
E_G_payables_on_assets_ratio,-0.0005568413263363992
E_G_gross_property_rgro_4q,-0.0005483583158502281
E_G_common_equity_on_rev_ratio,-0.0005387340183525379
E_G_total_liabilities_rgro_4q,-0.0005351726097034826
E_G_asset_writedown_tcgro_4q,-0.0005210554191657834
E_G_retained_earnings_agro_4q,-0.0005001437237277306
E_G_inventory_tcgro_1q,-0.0004962447886649679
E_G_unusual_items_tcgro_1q,-0.000496239274640753
E_G_asset_writedown_on_rev_ratio,-0.0004861324530292865
E_G_current_assets_rgro_4q,-0.0004860818251642307
E_G_tax_expense_tcgro_1q,-0.00047604271722740955
E_G_cash_investing_tcgro_4q,-0.0004710115115379443
E_G_cash_operations_on_tot_cap_ratio_sum_E_G_other_expenses_tcgro_1q,-0.0004690121500837696
E_G_cash_operations_on_tot_cap_ratio_sum_E_G_pref_equity_on_assets_ratio,-0.0004646580958258317
E_G_ebit_rgro_1q_diff_E_G_cash_operations_rgro_4q,-0.00044879335400389576
E_G_receivables_on_assets_ratio,-0.00043972992685883396
E_G_unusual_items_tcgro_4q,-0.0004309684789375101
E_G_cash_investing_tcgro_1q,-0.00042777851376294416
E_G_current_liabilities_rgro_1q,-0.0004260186531452437
E_G_assets_gro_five_agro_4q,-0.0004171112880291705
E_G_current_assets_tcgro_1q,-0.00041313449774449396
E_G_total_div_agro_1q_diff_E_G_cash_operations_on_tot_cap_ratio,-0.0004086619765368615
E_G_net_income_inc_on_rev_ratio,-0.00040856277792622464
E_G_def_tax_liability_on_assets_ratio,-0.00039411085337157645
E_G_capex_on_rev_ratio,-0.000393854776999758
E_G_net_inc_gro_five_agro_1q,-0.0003931652591291357
E_G_restructuring_charges_on_tot_cap_ratio,-0.00039085404470593497
E_G_total_intangibles_on_assets_ratio,-0.00039048763148146203
E_G_issuance_stock_agro_1q,-0.0003859038468649434
E_G_pref_div_on_tot_cap_ratio,-0.00038110491810732227
E_G_cash_operations_on_assets_ratio_diff_E_G_asset_writedown_on_rev_ratio,-0.00037770389768461144
E_G_cost_borrowing_tcgro_1q,-0.0003770318935000905
E_G_effective_tax_rate_on_assets_ratio,-0.00037429628703460337
E_G_net_property_on_rev_ratio,-0.00037217461694529776
E_G_gross_profit_on_tot_cap_ratio,-0.00036962117517433943
E_G_unusual_items_agro_1q,-0.00036891509565502024
E_G_total_liabilities_tcgro_1q,-0.0003608651904470683
E_G_gross_property_tcgro_4q,-0.0003576003126378513
E_G_unusual_items_rgro_4q,-0.0003496130764084615
E_G_pref_equity_on_tot_cap_ratio_sum_E_G_cash_operations_on_tot_cap_ratio,-0.0003476006345686011
E_G_depre_amor_rgro_1q,-0.00034751197478626316
E_G_total_debt_tcgro_4q,-0.0003389276860047863
E_G_quick_ratio_on_assets_ratio,-0.0003364638197032255
E_G_repurchase_stock_on_rev_ratio,-0.0003334015389532041
E_G_net_property_agro_1q,-0.0003326800730435675
E_G_net_income_inc_tcgro_4q,-0.00032664440028853383
E_G_gross_property_agro_4q,-0.00032361028474452435
E_G_cost_borrowing_agro_1q,-0.0003210196984927638
E_G_divestitures_rgro_1q,-0.0003155906305805312
E_G_def_tax_assets_agro_4q,-0.00031316193106427636
E_G_total_capital_agro_1q,-0.0003072380961773646
E_G_common_equity_on_assets_ratio,-0.00030088974975777115
E_G_norm_net_inc_tcgro_4q,-0.0002997196136610869
E_G_working_cap_tcgro_1q,-0.00029958060356483074
E_G_compre_income_rgro_1q,-0.00028821767104803
E_G_ops_expenses_tcgro_1q,-0.0002808130274469134
E_G_def_tax_assets_tcgro_1q,-0.00027423592174276036
E_G_cash_operations_rgro_4q,-0.00027204626522532306
E_G_pref_div_on_rev_ratio,-0.0002708579176297077
E_G_cash_acquisitions_tcgro_1q,-0.00027039658082779195
E_G_net_property_agro_4q,-0.00026974641646884125
E_G_shares_out_agro_1q,-0.00026372483518248834
E_G_cash_operations_tcgro_4q_diff_E_G_net_debt_tcgro_4q,-0.0002632761883955226
E_G_ops_expenses_on_tot_cap_ratio,-0.0002631880404387221
E_G_ops_expenses_agro_1q,-0.00025690084565201945
E_G_operating_income_on_rev_ratio,-0.00025533409671152363
E_G_cash_operations_on_assets_ratio,-0.00025395139600057346
E_G_total_assets_rgro_4q,-0.0002491952154846766
E_G_ebit_rgro_1q_diff_E_G_cash_operations_on_tot_cap_ratio,-0.00024584778191205636
E_G_assets_gro_five_agro_1q,-0.00024344239723794736
E_G_def_tax_liability_on_tot_cap_ratio,-0.00024029152367810447
E_G_total_capital_agro_4q,-0.00023858316709919337
E_G_ebit_tcgro_1q,-0.00023521023124248864
E_G_effective_tax_rate_tcgro_1q,-0.00023315641580541336
E_G_unusual_items_on_assets_ratio,-0.0002325146881005935
E_G_ammor_intangibles_agro_4q,-0.0002298477619096406
E_G_quick_ratio_on_rev_ratio_multiply_E_G_cash_operations_agro_4q,-0.00022825655071172511
E_G_current_assets_agro_4q,-0.00022657052463210815
E_G_interest_expense_tcgro_1q,-0.000226046060623597
E_G_total_assets_agro_1q,-0.0002225473299126035
E_G_gross_property_tcgro_1q,-0.0002194968968460609
E_G_total_debt_rgro_1q,-0.00021771572312168086
E_G_r_d_on_assets_ratio,-0.00021481972563699436
E_G_quick_ratio_on_rev_ratio_multiply_E_G_cash_operations_tcgro_4q,-0.0002141966656663996
E_G_ebit_on_tot_cap_ratio,-0.00021232118996499237
E_G_total_capital_rgro_1q,-0.0002096809734905447
E_G_gross_property_rgro_1q,-0.00020508883727574645
E_G_cost_borrowing_rgro_1q,-0.00019883019402784364
E_G_operating_income_agro_1q,-0.00019465030861340882
E_G_operating_income_tcgro_1q,-0.0001916975190880299
E_G_ammor_intangibles_on_rev_ratio,-0.00018899994260503927
E_G_total_capital_on_assets_ratio,-0.0001869306907853474
E_G_cash_financing_on_tot_cap_ratio,-0.00018671440023461107
E_G_minority_int_on_tot_cap_ratio,-0.00018535226335789635
E_G_repurchase_stock_rgro_1q,-0.00018312049903921324
E_G_quick_ratio_agro_1q,-0.0001820527713649156
E_G_cash_acquisitions_agro_1q,-0.00017282003084919672
E_G_norm_net_inc_tcgro_1q,-0.00017246215131954122
E_G_total_debt_on_tot_cap_ratio,-0.00017119076108826903
E_G_asset_writedown_rgro_1q,-0.00017060077926616123
E_G_compre_income_on_tot_cap_ratio,-0.00016871457703484526
E_G_net_income_inc_rgro_1q,-0.00016853268449155135
E_G_retained_earnings_agro_1q,-0.00016794929649319724
E_G_r_d_on_tot_cap_ratio,-0.00016164945012457909
E_G_rev_gro_five_agro_4q,-0.00016003134769104754
E_G_ebt_x_unusual_agro_4q,-0.00015670370292830693
E_G_total_revenues_on_assets_ratio,-0.00015124006785001144
E_G_net_property_rgro_1q,-0.00015011877145312268
E_G_cash_operations_agro_4q_diff_E_G_receivables_agro_4q,-0.00014612195364651636
E_G_divestitures_agro_4q,-0.00014561395666941036
E_G_pref_equity_on_tot_cap_ratio,-0.00013368649501348527
E_G_payables_agro_1q,-0.00013135020128172137
E_G_retained_earnings_tcgro_1q,-0.00012889334059436043
E_G_ebit_agro_4q,-0.00012811696746579672
E_G_cash_acquisitions_rgro_4q,-0.00012436040119647717
E_G_total_capital_tcgro_4q,-0.00012435106492014736
E_G_inventory_on_assets_ratio,-0.00012292949842411803
E_G_norm_net_inc_on_assets_ratio,-0.00012240929806879298
E_G_cash_equi_agro_1q,-0.00011979544527047636
E_G_net_income_inc_rgro_4q,-0.00011902918623869496
E_G_net_debt_tcgro_1q,-0.0001135746230641832
E_G_tangible_book_tcgro_1q,-0.00010820433078064794
E_G_interest_expense_rgro_1q,-0.00010423004807185166
E_G_compre_income_rgro_4q,-0.00010162643003566174
E_G_pref_equity_tcgro_4q,-9.639118780371269e-05
E_G_minority_int_on_rev_ratio,-9.55851046952727e-05
E_G_norm_net_inc_rgro_1q,-9.509259193845044e-05
E_G_restructuring_charges_tcgro_4q,-9.430843963953439e-05
E_G_total_expenses_agro_1q,-9.39005399492654e-05
E_G_restructuring_charges_agro_4q_diff_E_G_cash_operations_on_tot_cap_ratio,-9.386668113995356e-05
E_G_pref_equity_on_rev_ratio,-9.112029122975152e-05
E_G_quick_ratio_tcgro_1q,-8.982544944655669e-05
E_G_working_cap_agro_1q,-8.899695334387835e-05
E_G_inventory_rgro_1q,-8.820048073117092e-05
E_G_minority_int_rgro_1q,-8.770746093458292e-05
E_G_common_equity_agro_4q,-8.736975034959738e-05
E_G_total_div_agro_1q,-8.728686002135166e-05
E_G_gross_profit_tcgro_1q,-8.677873825035931e-05
E_G_sga_on_tot_cap_ratio,-8.634294681770793e-05
E_G_current_assets_tcgro_4q,-8.586947792947886e-05
E_G_def_tax_assets_rgro_1q,-8.529435018971299e-05
E_G_cash_equi_tcgro_1q,-7.762862868854192e-05
E_G_effective_tax_rate_agro_1q,-7.707999942110355e-05
E_G_cash_acquisitions_on_tot_cap_ratio,-7.487141554276543e-05
E_G_capex_agro_1q,-7.234136295903859e-05
E_G_tangible_book_agro_1q,-7.157877344821095e-05
E_G_retained_earnings_rgro_1q,-6.760308297020235e-05
E_G_net_debt_rgro_4q_diff_E_G_cash_operations_on_assets_ratio,-6.649360656556525e-05
E_G_total_intangibles_tcgro_1q,-6.614422272297472e-05
E_G_cash_equi_agro_4q,-6.217320182777542e-05
E_G_restructuring_charges_agro_1q,-6.130440669207537e-05
E_G_cash_financing_agro_1q,-5.87653990110848e-05
E_G_def_tax_assets_agro_1q,-5.773328074460959e-05
E_G_assets_gro_five_tcgro_1q_diff_E_G_cash_operations_on_assets_ratio,-5.731102664199295e-05
E_G_total_revenues_tcgro_4q,-5.721384297050491e-05
E_G_ebitda_tcgro_1q,-5.5220770899722106e-05
E_G_ebt_x_unusual_on_rev_ratio,-5.499633053178688e-05
E_G_restructuring_charges_rgro_4q,-5.31415108707467e-05
E_G_int_div_income_rgro_1q,-5.1587195249824805e-05
E_G_effective_tax_rate_rgro_1q,-4.931168188984092e-05
E_G_cash_operations_agro_1q,-4.520927879863024e-05
E_G_gross_profit_rgro_1q_diff_E_G_cash_operations_tcgro_4q,-4.4092802988382476e-05
E_G_shares_out_agro_4q,-4.334713655227418e-05
E_G_total_liabilities_on_tot_cap_ratio,-4.052448612417159e-05
E_G_tangible_book_rgro_1q,-3.251572316234075e-05
E_G_int_div_income_agro_4q,-2.9538658825400967e-05
E_G_ops_expenses_agro_4q,-2.482944281549937e-05
E_G_net_property_rgro_4q,-2.4565495549122573e-05
E_G_ammor_intangibles_on_tot_cap_ratio_diff_E_G_cash_operations_on_tot_cap_ratio,-2.341426494447685e-05
E_G_assets_gro_five_on_assets_ratio,-2.286736052876659e-05
E_G_payables_tcgro_4q,-2.2496129584004266e-05
E_G_receivables_tcgro_1q,-2.1212715953855544e-05
E_G_issuance_stock_tcgro_4q,-1.984365283569378e-05
E_G_total_assets_on_rev_ratio,-1.9565148643674314e-05
E_G_net_debt_tcgro_4q,-1.5971027841032993e-05
E_G_provision_loan_on_assets_ratio,-1.56023297772645e-05
E_G_total_assets_agro_4q,-1.3298614208334669e-05
E_G_ebit_rgro_1q,-1.2740025465718396e-05
E_G_repurchase_stock_agro_1q,-5.144638745235852e-06
E_G_capex_tcgro_1q,-4.847136499219751e-06
E_G_asset_writedown_tcgro_1q,-4.550475336895232e-06
E_G_core_banks_rgro_1q,0.0
E_G_pref_div_rgro_4q,0.0
E_G_core_banks_on_rev_ratio,0.0
E_G_pref_equity_rgro_4q,0.0
E_G_total_expenses_agro_4q,0.0
E_G_provision_loan_tcgro_4q,0.0
E_G_divestitures_on_rev_ratio,0.0
E_G_core_banks_agro_1q,0.0
E_G_total_expenses_tcgro_4q,0.0
E_G_ops_expenses_on_rev_ratio_ratio_E_G_cash_operations_on_tot_cap_ratio,0.0
E_G_provision_loan_tcgro_1q,0.0
E_G_pref_equity_tcgro_1q,0.0
E_G_pref_div_tcgro_1q,0.0
E_G_provision_loan_on_tot_cap_ratio,0.0
E_G_core_banks_agro_4q,0.0
E_G_total_expenses_on_tot_cap_ratio,0.0
E_G_core_banks_tcgro_4q,0.0
E_G_pref_equity_agro_1q,0.0
E_G_core_banks_on_assets_ratio,0.0
E_G_provision_loan_agro_4q,0.0
E_G_core_banks_tcgro_1q,0.0
E_G_provision_loan_agro_1q,0.0
E_G_core_banks_on_tot_cap_ratio,0.0
E_G_provision_loan_on_rev_ratio,0.0
E_G_total_expenses_rgro_4q,0.0
E_G_pref_div_agro_1q,0.0
E_G_provision_loan_rgro_1q,0.0
E_G_pref_equity_rgro_1q,0.0
E_G_core_banks_rgro_4q,0.0
E_G_pref_div_rgro_1q,0.0
E_G_minority_int_tcgro_4q,5.038023691761318e-06
E_G_repurchase_stock_on_assets_ratio,5.761389811942408e-06
E_G_gross_property_agro_1q,7.512217869720672e-06
E_G_total_expenses_on_assets_ratio,1.006767960274324e-05
E_G_current_liabilities_agro_1q,2.058908865085751e-05
E_G_shares_out_on_rev_ratio,2.2406370404293163e-05
E_G_common_equity_tcgro_4q,2.36330366353954e-05
E_G_quick_ratio_on_rev_ratio,2.402270114589822e-05
E_G_ebit_agro_1q,2.8280649496070787e-05
E_G_net_debt_rgro_4q,3.0073198203450778e-05
E_G_provision_loan_rgro_4q,3.0285668269813827e-05
E_G_net_income_inc_agro_4q,3.0911437836866897e-05
E_G_cost_borrowing_on_assets_ratio,3.330169267536931e-05
E_G_pref_div_tcgro_4q,3.559919390065947e-05
E_G_other_expenses_rgro_4q,3.8993721829450044e-05
E_G_operating_income_tcgro_4q,4.143741913669175e-05
E_G_other_expenses_rgro_1q,4.3033840706163674e-05
E_G_cost_borrowing_tcgro_4q,4.334385174080691e-05
E_G_unusual_items_rgro_1q,4.352467417569894e-05
E_G_net_income_inc_agro_1q,4.879244027415908e-05
E_G_restructuring_charges_agro_4q,4.919502126865538e-05
E_G_cash_investing_rgro_1q,5.500778662648198e-05
E_G_cash_acquisitions_rgro_1q,5.533780642021924e-05
E_G_total_div_tcgro_1q,5.636622715494699e-05
E_G_compre_income_tcgro_4q,5.6447967729256196e-05
E_G_total_revenues_on_tot_cap_ratio,6.57705814027132e-05
E_G_r_d_rgro_4q,6.814552279779117e-05
E_G_cash_operations_on_tot_cap_ratio_sum_E_G_quick_ratio_agro_1q,7.036761273155889e-05
E_G_effective_tax_rate_tcgro_4q,7.071993431304602e-05
E_G_minority_int_agro_4q,7.216445356108547e-05
E_G_payables_tcgro_1q,7.43219425767494e-05
E_G_tax_expense_agro_4q,7.446922137492873e-05
E_G_ammor_intangibles_rgro_1q,7.552940414068399e-05
E_G_other_expenses_tcgro_4q,7.619440567587787e-05
E_G_cash_equi_rgro_1q,7.789885584958966e-05
E_G_inventory_rgro_4q,8.739761803941982e-05
E_G_total_capital_on_rev_ratio,8.808144605427781e-05
E_G_inventory_tcgro_4q,9.102491913790534e-05
E_G_pref_div_agro_4q,9.567329475383968e-05
E_G_total_liabilities_agro_4q,9.613271733588391e-05
E_G_ebit_rgro_4q,9.682348514670203e-05
E_G_total_expenses_tcgro_1q,9.796665879573397e-05
E_G_working_cap_on_rev_ratio,9.990286823173822e-05
E_G_ops_expenses_on_rev_ratio,0.00010062279506295457
E_G_net_inc_gro_five_on_rev_ratio,0.00010126193581687648
E_G_total_intangibles_rgro_1q,0.00010214219048527706
E_G_divestitures_agro_1q,0.00010218950581573072
E_G_r_d_tcgro_1q,0.0001037427532451618
E_G_total_div_tcgro_4q,0.0001057718106702632
E_G_cash_operations_on_assets_ratio_sum_E_G_quick_ratio_rgro_4q,0.00010595502903680832
E_G_cash_financing_rgro_4q,0.00011059750096513721
E_G_def_tax_liability_rgro_4q,0.00011563067557842643
E_G_total_assets_rgro_1q,0.00011695226505727962
E_G_net_inc_gro_five_tcgro_1q,0.00011734643481531304
E_G_norm_net_inc_rgro_4q,0.00012051545979290257
E_G_quick_ratio_on_tot_cap_ratio_multiply_E_G_cash_operations_rgro_4q,0.00012158449373786962
E_G_net_inc_gro_five_rgro_1q,0.00012187861463655025
E_G_restructuring_charges_tcgro_4q_diff_E_G_cash_operations_on_tot_cap_ratio,0.0001238194764292988
E_G_pref_equity_on_assets_ratio,0.00012584500765229213
E_G_sga_tcgro_4q_diff_E_G_cash_operations_on_tot_cap_ratio,0.00013057580987312355
E_G_net_inc_gro_five_tcgro_4q,0.00013277655341166207
E_G_cash_acquisitions_agro_4q,0.00013427179132645682
E_G_total_assets_tcgro_4q,0.00013515654468023718
E_G_r_d_rgro_1q,0.00014025087864300012
E_G_depre_amor_agro_1q,0.00014141939669713998
E_G_payables_on_rev_ratio,0.0001416363763702577
E_G_capex_rgro_1q,0.00014432744063588298
E_G_cash_investing_on_rev_ratio,0.00014614884738537449
E_G_restructuring_charges_rgro_1q,0.00014952713274420936
E_G_unusual_items_agro_4q,0.00015023763282957515
E_G_assets_gro_five_on_assets_ratio_diff_E_G_cash_operations_on_tot_cap_ratio,0.00015212061023386347
E_G_total_debt_rgro_4q,0.00015215114609650192
E_G_cogs_on_tot_cap_ratio,0.000153838142905105
E_G_inventory_agro_4q,0.00015589171416507952
E_G_rev_gro_five_agro_1q,0.00016156124741757428
E_G_shares_out_tcgro_1q,0.0001644246075259037
E_G_ammor_intangibles_tcgro_4q,0.00016458587478103138
E_G_current_liabilities_tcgro_1q,0.00016490352518621075
E_G_net_debt_agro_4q_diff_E_G_cash_operations_rgro_4q,0.00016798976394187813
E_G_def_tax_liability_tcgro_1q,0.0001699938331780393
E_G_pref_div_on_assets_ratio,0.000171051355929297
E_G_r_d_agro_4q,0.0001753097662387848
E_G_restructuring_charges_tcgro_1q,0.00018770050355336742
E_G_total_expenses_on_rev_ratio,0.00018867051247599685
E_G_asset_writedown_on_assets_ratio,0.00018946739644754018
E_G_def_tax_liability_tcgro_4q,0.00019929720090732238
E_G_rev_gro_five_on_assets_ratio,0.0002013245773233141
E_G_ebitda_agro_1q,0.00020398575946956043
E_G_ebit_on_rev_ratio,0.00021359637360747198
E_G_net_debt_agro_1q,0.00021375944036881034
E_G_cash_equi_tcgro_4q,0.00021446028853968623
E_G_ops_expenses_tcgro_4q,0.00021528499602534444
E_G_norm_net_inc_agro_4q,0.00021935257757814685
E_G_cash_acquisitions_on_rev_ratio,0.00022190646765141153
E_G_pref_equity_agro_4q,0.00022192964624554446
E_G_ebitda_rgro_4q,0.00022482909679164554
E_G_quick_ratio_rgro_1q,0.00022635580717171865
E_G_operating_income_on_tot_cap_ratio,0.00024251412850748722
E_G_other_expenses_agro_1q,0.00024661315065659383
E_G_asset_writedown_agro_1q,0.00024831344818856407
E_G_gross_property_on_tot_cap_ratio,0.0002491685189493609
E_G_issuance_stock_on_tot_cap_ratio,0.00025029126102682486
E_G_rev_gro_five_tcgro_4q,0.0002554018024020888
E_G_repurchase_stock_tcgro_4q,0.00025983036020766904
E_G_sga_rgro_1q,0.00026008692639336586
E_G_operating_income_agro_4q,0.0002629615805873842
E_G_working_cap_tcgro_4q,0.00026642563714482923
E_G_total_revenues_tcgro_1q_diff_E_G_cash_operations_tcgro_4q,0.00027439211145599
E_G_ammor_intangibles_agro_1q,0.0002781611140118434
E_G_cash_investing_on_assets_ratio,0.0002865407217774729
E_G_cash_financing_on_rev_ratio,0.0002867937529393183
E_G_cash_acquisitions_on_assets_ratio,0.00028744653578647303
E_G_rev_gro_five_tcgro_1q,0.00029511209553327865
E_G_int_div_income_rgro_1q_diff_E_G_cash_operations_on_assets_ratio,0.00029683427874955816
E_G_cogs_on_assets_ratio,0.00029789355246268023
E_G_payables_rgro_4q,0.0002984474150845573
E_G_total_debt_agro_4q,0.00030325726413988897
E_G_int_div_income_on_rev_ratio,0.0003056111311187992
E_G_ebitda_agro_4q,0.00031094872521604256
E_G_tax_expense_on_rev_ratio,0.00032508735647842626
E_G_total_revenues_agro_4q,0.0003260916726210095
E_G_cash_investing_agro_4q,0.0003268486443827712
E_G_cash_operations_on_tot_cap_ratio,0.00032860071002445147
E_G_operating_income_on_assets_ratio,0.0003324907363590146
E_G_compre_income_tcgro_1q,0.0003350342554416574
E_G_total_revenues_rgro_1q,0.00033553326561555077
E_G_total_intangibles_on_tot_cap_ratio,0.00033660200322671585
E_G_total_liabilities_rgro_1q,0.00034185857569026814
E_G_cost_borrowing_rgro_1q_diff_E_G_cash_operations_on_tot_cap_ratio,0.00034301319013008147
E_G_ebit_on_assets_ratio,0.0003439711686096025
E_G_interest_expense_rgro_4q,0.0003486213430782481
E_G_divestitures_rgro_4q,0.00035194662818818225
E_G_current_assets_on_tot_cap_ratio,0.0003534384872025953
E_G_cost_borrowing_on_rev_ratio,0.0003551140296561339
E_G_net_debt_rgro_1q,0.0003568679047688983
E_G_cogs_rgro_4q,0.0003772131196401629
E_G_gross_property_on_assets_ratio,0.00037725349582244937
E_G_cash_investing_agro_1q,0.0003798432836117804
E_G_cash_operations_agro_4q_sum_E_G_cash_equi_agro_4q,0.00038039562701683847
E_G_total_intangibles_on_rev_ratio,0.0003811587221394408
E_G_ebitda_on_rev_ratio,0.0003848235571155545
E_G_cost_borrowing_on_tot_cap_ratio,0.00039130843524808333
E_G_ops_expenses_rgro_1q,0.00039292884361397107
E_G_quick_ratio_on_tot_cap_ratio,0.00039813676097721906
E_G_working_cap_rgro_1q,0.0004025275657466354
E_G_int_div_income_agro_1q,0.00040353816398712715
E_G_total_liabilities_on_assets_ratio,0.0004077007257394571
E_G_repurchase_stock_tcgro_1q,0.00040891889407590476
E_G_retained_earnings_on_tot_cap_ratio,0.00040900003312644985
E_G_ebt_x_unusual_tcgro_4q,0.00041422161081143826
E_G_receivables_agro_1q,0.00042495390949051084
E_G_gross_profit_agro_4q,0.00043962429199124743
E_G_net_property_on_assets_ratio,0.00044234027794531894
E_G_sga_agro_1q,0.00044527132709992756
E_G_total_div_rgro_1q,0.0004520895551063164
E_G_retained_earnings_tcgro_4q,0.00045942841152772916
E_G_cash_equi_tcgro_4q_sum_E_G_cash_operations_agro_4q,0.0004608256365730812
E_G_payables_rgro_1q,0.00046328709502323483
E_G_total_debt_on_rev_ratio,0.00046402504848952475
E_G_r_d_agro_1q,0.00047163636494607086
E_G_total_intangibles_agro_1q,0.000479018628895167
E_G_current_liabilities_rgro_4q,0.0004790337041058024
E_G_net_income_inc_tcgro_1q,0.0004883506443462693
E_G_payables_on_tot_cap_ratio,0.0004897436362506724
E_G_common_equity_rgro_4q,0.0004969117089478781
E_G_shares_out_rgro_4q,0.0005180341789261967
E_G_int_div_income_on_tot_cap_ratio,0.0005207940235933961
E_G_repurchase_stock_on_tot_cap_ratio,0.0005217665958131557
E_G_total_revenues_rgro_4q,0.0005258481727937969
E_G_sga_rgro_4q,0.00052681534340151
E_G_total_revenues_tcgro_1q,0.0005302515224698378
E_G_effective_tax_rate_on_tot_cap_ratio,0.0005381526970939854
E_G_total_intangibles_rgro_4q,0.0005398678553898862
E_G_total_div_agro_4q,0.0005409903114974357
E_G_net_property_on_tot_cap_ratio,0.0005459692597771682
E_G_net_inc_gro_five_on_assets_ratio,0.0005545239006182534
E_G_issuance_stock_rgro_4q,0.0005557678070696514
E_G_restructuring_charges_on_assets_ratio,0.0005614157598314628
E_G_ammor_intangibles_tcgro_1q,0.0005648225405835872
E_G_total_intangibles_agro_4q,0.0005795680042065543
E_G_r_d_tcgro_4q,0.0005803440120002223
E_G_capex_rgro_4q,0.0005807816459270088
E_G_current_liabilities_on_rev_ratio,0.0005854567309808711
E_G_net_income_inc_on_tot_cap_ratio,0.0006026849077697572
E_G_net_inc_gro_five_rgro_4q,0.0006066137623063073
E_G_depre_amor_tcgro_4q,0.000607558801745367
E_G_net_income_inc_on_assets_ratio,0.0006251360190516308
E_G_ebitda_on_tot_cap_ratio,0.0006406956743655101
E_G_assets_gro_five_on_tot_cap_ratio,0.000646175874496957
E_G_ebt_x_unusual_rgro_4q,0.0006462697003134288
E_G_operating_income_rgro_4q,0.000652787248854203
E_G_capex_agro_4q,0.0006539887954496226
E_G_effective_tax_rate_rgro_4q,0.0006568604383086374
E_G_total_capital_rgro_4q,0.0006758049930049692
E_G_def_tax_assets_on_assets_ratio,0.000679164816437039
E_G_retained_earnings_rgro_4q,0.0006841778945170685
E_G_net_debt_on_rev_ratio,0.0006857909774105498
E_G_net_inc_gro_five_agro_4q,0.0006884850986078383
E_G_int_div_income_tcgro_4q,0.0007140576284760502
E_G_def_tax_liability_on_rev_ratio,0.0007148421407460858
E_G_cash_operations_on_tot_cap_ratio_sum_E_G_capex_tcgro_1q,0.0007226111135805624
E_G_rev_gro_five_rgro_1q,0.0007235321479826861
E_G_ebit_tcgro_4q,0.0007381819504131526
E_G_assets_gro_five_rgro_1q,0.0007457043930706897
E_G_int_div_income_tcgro_1q,0.0007473135472179759
E_G_depre_amor_on_rev_ratio,0.0007475030844557695
E_G_cash_equi_on_tot_cap_ratio,0.0007497716661429843
E_G_cash_financing_rgro_1q,0.0007542004329286423
E_G_common_equity_on_tot_cap_ratio,0.0007561838122661424
E_G_asset_writedown_rgro_4q,0.000757366192778841
E_G_gross_profit_tcgro_4q,0.0007772934799190389
E_G_norm_net_inc_on_rev_ratio,0.0007780409572615721
E_G_cash_financing_tcgro_4q,0.0007897483130536286
E_G_divestitures_on_tot_cap_ratio,0.0007976036619565807
E_G_gross_profit_on_assets_ratio,0.0008003721673427666
E_G_compre_income_agro_4q,0.0008017740824629138
E_G_quick_ratio_rgro_4q,0.0008097117836366241
E_G_issuance_stock_agro_4q,0.0008110477364037694
E_G_total_debt_on_assets_ratio,0.000815769461071203
E_G_minority_int_on_assets_ratio,0.0008184340768259357
E_G_cogs_agro_1q,0.0008197131026646653
E_G_sga_tcgro_1q,0.0008327634757499425
E_G_def_tax_liability_rgro_1q,0.0008367942113725491
E_G_cash_operations_on_tot_cap_ratio_diff_E_G_rev_gro_five_on_tot_cap_ratio,0.0008376548171436182
E_G_issuance_stock_on_rev_ratio,0.0008391133300938325
E_G_other_expenses_on_rev_ratio,0.0008415218216499598
E_G_total_expenses_rgro_1q,0.0008436513011220281
E_G_def_tax_assets_tcgro_4q,0.000848612208345001
E_G_assets_gro_five_on_rev_ratio,0.0008577931093546098
E_G_inventory_agro_1q,0.0008611819082040784
E_G_divestitures_on_assets_ratio,0.0008695317258879509
E_G_capex_on_tot_cap_ratio,0.0008881087786626329
E_G_int_div_income_on_assets_ratio,0.0008921775422985556
E_G_ammor_intangibles_rgro_4q,0.0008945665154120874
E_G_sga_agro_4q,0.0009037902836019241
E_G_asset_writedown_on_tot_cap_ratio,0.0009278693047058307
E_G_sga_on_assets_ratio,0.0009311035338173568
E_G_rev_gro_five_rgro_4q,0.000964472930553062
E_G_current_liabilities_on_tot_cap_ratio,0.0010283389460190584
E_G_tax_expense_on_assets_ratio,0.0010301495704694962
E_G_divestitures_tcgro_4q,0.001034022178208982
E_G_net_debt_on_tot_cap_ratio,0.0010514517351587038
E_G_tangible_book_tcgro_4q,0.001052225265479878
E_G_tax_expense_on_tot_cap_ratio,0.0010738689849817185
E_G_cash_equi_on_rev_ratio,0.0010809703951839777
E_G_total_revenues_agro_1q,0.0010819098195086196
E_G_other_expenses_on_tot_cap_ratio,0.0010992107717285426
E_G_other_expenses_agro_4q,0.0011168838291147898
E_G_cash_investing_on_tot_cap_ratio,0.0011234673299693521
E_G_def_tax_assets_rgro_4q,0.0011297124318672802
E_G_cost_borrowing_agro_4q,0.0011567432120655808
E_G_common_equity_rgro_1q,0.0011584364813000292
E_G_divestitures_tcgro_1q,0.001188514346577807
E_G_int_div_income_rgro_4q,0.0011893338226274253
E_G_unusual_items_on_tot_cap_ratio,0.0012087628742014412
E_G_gross_profit_on_rev_ratio,0.001226822581625786
E_G_ammor_intangibles_on_tot_cap_ratio,0.0012356212893529727
E_G_cogs_rgro_1q,0.0012413760835186638
E_G_sga_rgro_4q_diff_E_G_cash_operations_on_tot_cap_ratio,0.0012540813418530083
E_G_capex_tcgro_4q,0.0012628735685479286
E_G_total_div_rgro_4q,0.0012636383439677211
E_G_tax_expense_tcgro_4q,0.0012638474493098073
E_G_cash_operations_on_tot_cap_ratio_sum_E_G_rev_gro_five_tcgro_4q,0.0012851535005449887
E_G_cogs_tcgro_1q,0.0013270088718689177
E_G_interest_expense_on_assets_ratio,0.0013741666222793602
E_G_r_d_on_rev_ratio,0.0013942207680998076
E_G_cogs_on_rev_ratio,0.0013945061336000154
E_G_tangible_book_on_tot_cap_ratio,0.0014034488276618794
E_G_retained_earnings_on_rev_ratio,0.0014180099251854372
E_G_cash_equi_rgro_4q,0.0014378259345268595
E_G_compre_income_on_rev_ratio,0.0014481432914758452
E_G_asset_writedown_agro_4q,0.001501596893223023
E_G_total_assets_on_tot_cap_ratio,0.0015020139141389555
E_G_compre_income_on_assets_ratio,0.0015263819275827205
E_G_depre_amor_agro_4q,0.0015298083874557777
E_G_receivables_on_tot_cap_ratio,0.0015442434755756017
E_G_working_cap_agro_4q,0.0015610228822784179
E_G_def_tax_liability_agro_4q,0.00157211420846588
E_G_def_tax_assets_on_tot_cap_ratio,0.0016438564514331233
E_G_tax_expense_rgro_4q,0.0016733712159867186
E_G_interest_expense_tcgro_4q,0.0017389606250095778
E_G_assets_gro_five_rgro_4q,0.001805825451692744
E_G_depre_amor_rgro_4q,0.001806219399089315
E_G_capex_on_assets_ratio,0.0018093367471314846
E_G_receivables_on_rev_ratio,0.0018320325516130386
E_G_ops_expenses_rgro_4q,0.001841603319948515
E_G_minority_int_tcgro_1q,0.0018425346945462496
E_G_sga_tcgro_4q,0.001938339754275642
E_G_interest_expense_on_tot_cap_ratio,0.002019694580785569
E_G_interest_expense_agro_4q,0.002089936702868411
E_G_gross_profit_rgro_4q,0.0021177046922004283
E_G_interest_expense_on_rev_ratio,0.002194765470817983
E_G_shares_out_on_assets_ratio,0.0022054593587595315
E_G_cost_borrowing_rgro_4q,0.0022921200249084394
E_G_tangible_book_on_assets_ratio,0.0023269396431448096
E_G_issuance_stock_on_assets_ratio,0.0023939597551060786
E_G_tangible_book_rgro_4q,0.0024357707824669726
E_G_depre_amor_on_assets_ratio,0.002554184293150019
E_G_shares_out_tcgro_4q_diff_E_G_cash_operations_on_assets_ratio,0.002731123216673281
E_G_tangible_book_agro_4q,0.002833714913760921
E_G_inventory_on_tot_cap_ratio,0.0028410725688528425
E_G_cash_operations_rgro_1q,0.0029558995060526396
E_G_current_liabilities_tcgro_4q,0.002976345171865291
E_G_net_debt_on_assets_ratio,0.0029901667192918867
E_G_unusual_items_on_rev_ratio,0.003029970025255824
E_G_cash_financing_on_assets_ratio,0.0031026837514084304
E_G_current_liabilities_on_assets_ratio,0.003184170907297301
E_G_total_liabilities_on_rev_ratio,0.003329124170372988
E_G_sga_on_rev_ratio,0.003453889835769508
E_G_receivables_tcgro_4q,0.0035821761508158636
E_G_payables_agro_4q,0.003679300681721198
E_G_restructuring_charges_on_rev_ratio,0.003727371116967526
E_G_ammor_intangibles_on_assets_ratio,0.0037669395727657263
E_G_depre_amor_on_tot_cap_ratio,0.003806533654208333
E_G_total_div_on_tot_cap_ratio,0.0038986431738780025
E_G_retained_earnings_on_assets_ratio,0.004035802475686978
E_G_def_tax_assets_on_rev_ratio,0.004120924602488229
E_G_current_assets_on_assets_ratio,0.004293147315019463
E_G_receivables_rgro_4q,0.004320238930669795
E_G_receivables_agro_4q,0.004749046749343022
E_G_cash_operations_on_tot_cap_ratio_sum_E_G_capex_on_tot_cap_ratio,0.007028429826878346
E_G_inventory_on_rev_ratio,0.007413158133092468
E_G_ebitda_on_assets_ratio,0.007935152658357647
E_G_cash_operations_on_rev_ratio,0.008408381452592418
E_G_depre_amor_on_assets_ratio_ratio_E_G_cash_operations_on_tot_cap_ratio,0.02768713031099266
